/*--------------------------------*- C++ -*----------------------------------*\
  =========                 |
  \\      /  F ield         | OpenFOAM: The Open Source CFD Toolbox
   \\    /   O peration     | Website:  https://openfoam.org
    \\  /    A nd           | Version:  dev
     \\/     M anipulation  |
\*---------------------------------------------------------------------------*/
FoamFile
{
    version     2.0;
    format      ascii;
    class       volVectorField;
    location    "0.3";
    object      U;
}
// * * * * * * * * * * * * * * * * * * * * * * * * * * * * * * * * * * * * * //

dimensions      [0 1 -1 0 0 0 0];

internalField   nonuniform List<vector> 
1629
(
(-0.178700708603 7.16720711576e-16 25.1443633054)
(-1.00085452526 3.88281610782e-16 25.3393037422)
(4.06418847578 8.73725833288e-17 24.5111036726)
(-0.0621553086665 8.84271321845e-16 25.4956919682)
(-0.997836616945 4.7445197108e-16 25.5721388546)
(2.74730823008 3.50223700014e-17 24.4946442509)
(0.0355883718872 -9.00076140804e-16 25.7384902851)
(-0.946053516193 -3.16854563089e-15 25.7241202591)
(2.15087131884 -1.22669546318e-14 24.4933208591)
(0.120919373409 -2.999830654e-13 25.7074495775)
(-0.635775048761 -4.3957709197e-13 25.4760006324)
(1.54478437991 -3.1642619447e-12 22.8146449698)
(0.0944121561151 -5.83509581193e-11 25.4539699616)
(-0.495850032366 -2.85880868058e-11 24.906393087)
(0.925384180128 -7.16316337711e-12 21.1271241476)
(0.0819901379383 -7.97470244217e-11 25.2569152474)
(-0.296961052336 -3.01284848266e-11 24.3131399595)
(0.583898037516 -2.27452003169e-13 19.7060933282)
(0.0595274497378 -4.89594616722e-11 24.9853213192)
(-0.152476812035 -2.6027337146e-11 23.574591833)
(0.361439814265 3.77053120766e-12 18.5520316086)
(0.040427286035 -2.82685552564e-11 24.5565864552)
(-0.0533499595606 -1.9349267324e-11 22.7147092215)
(0.246104837035 9.40044437537e-12 17.7309295477)
(0.0368733446662 -1.53483120454e-11 23.9166470546)
(0.0286969506758 -1.44997273299e-11 21.7908885442)
(0.221090193384 -7.24642149286e-13 17.1644318336)
(0.039468993702 1.98421253308e-11 23.0456977042)
(0.0805103950817 -6.55283780322e-12 20.8345286883)
(0.212293911065 -6.21837593926e-12 16.7004241111)
(0.0457892892764 8.36579159524e-12 22.0277486179)
(0.112404050222 -1.59264984806e-12 19.9169476033)
(0.208259657739 3.24641817807e-12 16.3059960272)
(0.0536857741189 6.84017251774e-12 20.961377945)
(0.134738258574 1.57003829362e-11 19.0762208184)
(0.21201184016 1.40429047277e-11 15.9720739753)
(0.0609675403231 5.04367850073e-12 19.900960532)
(0.152194632063 1.18505495473e-11 18.2945862522)
(0.22388487426 8.00795566806e-12 15.6583167527)
(0.0652375322251 -5.06636423645e-12 18.8788583008)
(0.162426992895 -2.51603869155e-11 17.5492391673)
(0.233806391454 -4.02675128154e-12 15.3288951634)
(0.0662743877227 3.98578735189e-11 17.932813518)
(0.165507546648 -8.5429859347e-12 16.8496861846)
(0.237771190129 -2.58572755359e-11 14.991195019)
(0.065434398357 6.00373224619e-12 17.0856511799)
(0.164533560965 -6.76663701049e-12 16.2092844083)
(0.2381512478 -1.60160056687e-11 14.6601186004)
(0.0637332562454 -7.35183381077e-13 16.3303826253)
(0.161499348591 -6.46166880948e-12 15.6208389731)
(0.236372247454 -1.16474960714e-11 14.3300778751)
(0.0612446988429 -1.54657431932e-12 15.6497103261)
(0.156191967103 -4.90158772154e-12 15.0715163679)
(0.230970928009 -6.5657612633e-12 13.992059741)
(0.0578604403888 -1.28464544226e-12 15.0362530057)
(0.148255168546 -3.55492497015e-12 14.5607550767)
(0.220936918805 -4.65046365752e-12 13.6528878897)
(0.0538709313736 -9.21675385055e-13 14.4910354224)
(0.138474378022 -2.47654496165e-12 14.0965732681)
(0.20744587238 -3.19303687291e-12 13.3292722646)
(0.0500678232712 -4.90435985225e-13 14.0088687383)
(0.129029803876 -1.28479446802e-12 13.679266875)
(0.194233680321 -1.58237147426e-12 13.0284412238)
(0.0468642589292 1.18289709012e-11 13.5691007707)
(0.121094711107 3.81813127993e-11 13.2915314939)
(0.183348596688 1.01674413059e-11 12.7367179161)
(0.0436721540175 6.40277630412e-12 13.154475644)
(0.113034759036 1.63065836512e-11 12.9185670731)
(0.171858277875 8.76734806036e-12 12.4421400219)
(0.0401423005249 -2.20390850318e-11 12.769494441)
(0.10398142706 4.47043251255e-12 12.5676131529)
(0.15840420617 3.37158740702e-11 12.156335774)
(0.0367708662301 -1.58540078922e-12 12.4213813958)
(0.0953369734543 5.08307196925e-12 12.2480794243)
(0.145521575947 1.38663671704e-11 11.8924440235)
(0.0340200044911 2.09780201137e-11 12.0987485643)
(0.0883345097813 -4.57845584989e-11 11.9494922481)
(0.135294267087 -4.49086697947e-11 11.6412682492)
(0.0315703948986 -5.14555696336e-12 11.7862824096)
(0.0820559201928 -2.2685455934e-11 11.6570078052)
(0.126052103319 -2.77702691774e-11 11.3885142954)
(0.0290204368442 -9.22951260588e-12 11.4849599804)
(0.0754813015943 -2.73184337269e-11 11.3724466167)
(0.116180658836 -4.82054806939e-11 11.1375351008)
(0.0263773022856 -4.51731490135e-12 11.2050386869)
(0.0686453389913 -1.16732349152e-11 11.1069696049)
(0.105789515248 -1.09018157919e-11 10.9012378844)
(0.0240143731981 -1.53815271634e-11 10.9501245391)
(0.0625406596284 -4.27650987861e-11 10.8647148748)
(0.0965410046981 -1.03217723592e-11 10.6847689161)
(0.0221345682987 -3.34702464027e-12 10.709300001)
(0.0577123676337 -7.14928129858e-12 10.6348386327)
(0.089339505343 4.73383565668e-12 10.4773328281)
(0.020411906663 4.09612212201e-12 10.4726333195)
(0.0532610407718 1.29915279895e-11 10.4074661045)
(0.0826336570233 2.96314485508e-11 10.2690985367)
(0.0185889528667 7.43036753529e-12 10.2462962895)
(0.0485262893739 2.17487085487e-11 10.1891270197)
(0.075386315813 3.97467993157e-11 10.0673165968)
(0.0168432911304 -5.24756025587e-12 10.0388132292)
(0.0439964020923 -1.6500414131e-11 9.98868264185)
(0.0684434985786 -3.83174901704e-11 9.88152984371)
(0.0153989746401 -8.79589069962e-11 9.8459450563)
(0.0402590795869 -4.3812878408e-11 9.80197261252)
(0.0627569805426 -2.0413730901e-11 9.70770989916)
(0.0141569095672 -7.77710053374e-11 9.65930542224)
(0.0370357249607 1.18203642296e-12 9.62062159819)
(0.0578386078866 -6.96225232798e-11 9.53747667405)
(0.0129289479532 -9.3972086928e-11 9.47936286403)
(0.0338396818573 -6.3248920828e-11 9.44522898083)
(0.052919301553 -6.52592451076e-11 9.37168881775)
(0.011688753634 -1.47836714303e-11 9.31214776788)
(0.0306069765779 -3.40453722634e-11 9.28199618993)
(0.04791473467 -4.74885463958e-11 9.21689620679)
(0.0105481841214 -7.53567698469e-12 9.16085122448)
(0.0276333835481 -2.07442913154e-11 9.13422149402)
(0.0433086271385 -3.15399087859e-11 9.07661339673)
(0.00958510277414 -4.53554435552e-12 9.02234408428)
(0.0251240406479 -1.26992449197e-11 8.99880604837)
(0.0394290516258 -1.98878083142e-11 8.94779623801)
(0.00874455395728 2.96505156503e-11 8.8924114331)
(0.0229303787533 8.60892420387e-11 8.87155437548)
(0.0360292583545 3.68961063829e-11 8.82628347211)
(0.00794820834932 5.99441687535e-12 8.77126450741)
(0.0208495532448 1.51524699006e-11 8.75273211117)
(0.0327919872017 1.28709318773e-11 8.71245127328)
(0.00718204971829 4.1038996753e-11 8.66148419735)
(0.0188459829165 -1.50685290694e-11 8.64498321682)
(0.0296652479915 -6.7784447806e-11 8.60907339841)
(0.00647570661839 -5.19893920433e-12 8.56467926908)
(0.0169974960689 -1.81966842313e-11 8.54996316323)
(0.0267752608667 -3.1833662597e-11 8.51790167754)
(0.0058560975415 -5.27434217836e-12 8.48015384835)
(0.0153756474451 -1.49825424892e-11 8.46700384345)
(0.0242385827805 -2.42488194281e-11 8.43832494125)
(0.00531558013524 -5.23683930527e-11 8.40606426302)
(0.0139600876314 -1.448270293e-10 8.39428052517)
(0.0220224690006 -1.69716451492e-10 8.36855720702)
(0.00482724101324 -2.01203133252e-11 8.34164955854)
(0.0126802164332 -5.54321178298e-11 8.33105384327)
(0.0200148916076 -8.04859567158e-11 8.30790419042)
(0.00437466613421 2.14198581412e-12 8.28735297394)
(0.0114933887732 8.39381882799e-12 8.27779044376)
(0.0181494402395 -7.16915021615e-11 8.25688185807)
(0.00395457915846 -1.35920399365e-11 8.24365068984)
(0.0103910196634 -3.94776744048e-11 8.23498629364)
(0.0164131569241 -7.06288478258e-11 8.21602802248)
(0.00356401855047 -1.62618800326e-11 8.21040495421)
(0.00936546281415 -4.63663310179e-11 8.20251864611)
(0.0147947080805 -7.75235094945e-11 8.18525178224)
(0.00319301924516 -1.41883010401e-11 8.1868848847)
(0.0083907155038 -4.03212060168e-11 8.17966873506)
(0.0132538447697 -6.66242006668e-11 8.16386014208)
(0.00282845092648 7.01364694602e-11 8.1721261785)
(0.00743255468525 2.02603021173e-10 8.16548380361)
(0.0117378931056 1.72201722672e-10 8.15092495123)
(0.00246398009897 4.49994509004e-11 8.16509406752)
(0.00647478776747 1.29432090859e-10 8.15894083724)
(0.0102233912305 4.48401500246e-11 8.14544825384)
(0.00210575995055 4.41141122506e-12 8.16490471308)
(0.00553379621959 1.11224087969e-11 8.15916790226)
(0.00873771879686 9.43238986099e-12 8.14658350298)
(0.00177514480539 2.50439510057e-13 8.17118772688)
(0.00466570579549 5.84587565796e-13 8.16580634827)
(0.00736998317712 2.50997097962e-13 8.15399718513)
(0.00150209038119 -1.164086515e-12 8.18362763906)
(0.00394936325203 -3.35071008292e-12 8.17855035018)
(0.00624474712211 -5.79808015684e-12 8.16740423457)
(0.00131338198854 -1.68161518948e-12 8.20158435726)
(0.00345482273751 -4.77073153243e-12 8.19676577758)
(0.00547151429367 -7.98156206731e-12 8.18618346174)
(0.00122146420396 -6.36412383376e-11 8.22359680306)
(0.00321500985174 -7.18196665936e-12 8.21899260254)
(0.00510207126323 3.66207680588e-11 8.20887712803)
(0.00122086644058 -1.51994448999e-11 8.24809405799)
(0.00321506186319 -4.19606771507e-11 8.24365709159)
(0.00511129788101 -7.03955887008e-11 8.23390526175)
(0.00130052691205 2.19626798966e-11 8.27363179324)
(0.00342594091327 -1.08718914559e-10 8.26931171427)
(0.00545324925596 -1.1381743649e-10 8.25981318101)
(0.00146962190438 -6.40971091311e-11 8.29819776634)
(0.00387198354852 -1.56915545441e-11 8.29393688204)
(0.00616592036267 2.19930979112e-11 8.28456569009)
(0.00162060244311 1.63149289461e-11 8.31402118637)
(0.00427057357106 4.47944187275e-11 8.30972645072)
(0.00679922156136 -1.02781271043e-11 8.30028375915)
(0.000838435398363 1.32122797553e-12 8.33369285759)
(0.00220950819283 1.21671802414e-10 8.32932468225)
(0.00351233432427 1.32395617654e-10 8.31972730869)
(-1.01976401282 -3.54254884951e-11 7.19442510916)
(-0.454120516894 -2.90814320828e-11 8.51557339873)
(-0.137857273659 -2.82693413865e-11 10.2095319063)
(0.00823942244627 -2.632202714e-11 11.3258808233)
(0.100924438803 -2.30890598201e-11 12.0534964831)
(0.185689433997 -2.23232613582e-11 12.5533280331)
(0.218805595379 -2.08173062055e-11 12.8095566433)
(0.226672282427 -1.56490031696e-11 12.9400357484)
(0.236104832817 -8.86161517062e-12 13.0379056994)
(0.257094678688 -6.78786415237e-12 13.1032359827)
(0.275021561871 -8.54879415062e-12 13.1086847065)
(0.284121238386 -1.04914399704e-11 13.0690123743)
(0.288022322838 -7.92486664735e-12 13.0030938085)
(0.28925187754 -1.09153317019e-11 12.9044667047)
(0.285446703158 -2.40944194027e-12 12.7638745757)
(0.274974934971 -3.97846565048e-12 12.5923577815)
(0.259352758106 -2.83279645649e-12 12.4128889452)
(0.244072150011 -5.81209002852e-13 12.2370589205)
(0.2321048989 6.6947220482e-14 12.0518372889)
(0.218788914221 3.23682679269e-12 11.8461625759)
(0.202217698786 1.4160060575e-11 11.6359364458)
(0.186287101358 9.86537368773e-12 11.4381397432)
(0.174043615385 -2.47446804028e-11 11.2442292854)
(0.162889083545 -2.42875942994e-11 11.0399200989)
(0.150598944713 -2.60791701924e-11 10.8302862313)
(0.137388121638 8.94747186088e-12 10.6303686559)
(0.125673161553 1.41034754485e-11 10.4464498315)
(0.116761505067 2.00760080432e-11 10.2675722985)
(0.108352358873 5.4329286665e-11 10.0838190316)
(0.0990415143418 6.08637855376e-11 9.90336956455)
(0.0900912447825 1.16028726733e-11 9.73664395905)
(0.0828352911912 -5.13983181457e-13 9.57971682454)
(0.0765415876295 -3.80290934348e-11 9.42413555548)
(0.0701693575801 -7.2665643007e-11 9.2710771567)
(0.0636298941832 -5.68349819541e-11 9.12754175438)
(0.0576017984608 -3.86064220247e-11 8.99731209782)
(0.0525377779475 -2.47192634913e-11 8.87739247052)
(0.0480873134668 1.71361052866e-11 8.76364910329)
(0.043826747052 8.66825824366e-12 8.65659806369)
(0.0396929327525 -5.28384042642e-11 8.5591824512)
(0.0358619203847 -3.84639040612e-11 8.47327836032)
(0.0324973957322 -3.17507644973e-11 8.39834551912)
(0.0295543196472 -1.44993201576e-10 8.33264529476)
(0.0268809350587 -9.47029177531e-11 8.27554156031)
(0.0243893836598 -1.34345707194e-10 8.22761573438)
(0.0220633171168 -9.88803337237e-11 8.18946143114)
(0.0198889076728 -1.07231922734e-10 8.16103016074)
(0.0178137706081 -9.05255792039e-11 8.14166334358)
(0.0157700093535 7.93800737201e-11 8.13046599504)
(0.013730445954 -2.05427070638e-11 8.12647411332)
(0.0117347940532 6.29487218163e-12 8.12887556379)
(0.00990357509933 -5.69935327632e-13 8.13737097776)
(0.00840387405198 -8.44048326304e-12 8.15170347447)
(0.00738055330019 -1.1146741735e-11 8.17126928026)
(0.0069025726347 7.29981341054e-11 8.19461328433)
(0.00693289132195 -1.01941564602e-10 8.2201463019)
(0.00740968176471 -1.32487815911e-10 8.24640358389)
(0.00838300617802 -1.8139430476e-11 8.27132801638)
(0.00924192924309 1.46028687537e-11 8.28693879845)
(0.00476385018648 1.12412770576e-10 8.30616075564)
(-0.0861318705341 -4.82621098682e-12 1.98517704499)
(0.0159474194717 -4.04086911972e-11 2.01246169557)
(-0.0119595139995 -5.31938175644e-12 2.00083556179)
(-0.0135712781045 -8.38563634398e-13 1.99505026781)
(-0.0105266408362 -1.24716470748e-13 1.99187289985)
(-0.00657046816206 -1.8959465203e-14 1.99050808013)
(-0.00284344735175 -1.56506111217e-14 1.99027715179)
(0.000289683451334 -8.35599663293e-14 1.99059535322)
(0.00269457276109 -4.5630370961e-13 1.99106854835)
(0.00442842708068 -6.54587210227e-14 1.99149822512)
(0.00564550555728 -3.81397518461e-14 1.99180657503)
(0.00653533336287 -2.84700052777e-13 1.99197899957)
(0.0072939755968 -2.40336772764e-13 1.99202487145)
(0.00811909666047 -1.88977032764e-14 1.99195482394)
(0.00921657960566 -1.00243173456e-15 1.99177900388)
(0.0108515509707 -7.75608543438e-17 1.99146582587)
(0.013186190925 -3.39091666937e-16 1.99119454943)
(0.0173244174911 5.67354688446e-15 1.98992761367)
(0.0124785900548 1.51708190403e-13 1.99216260799)
(0.0346487279871 3.37143205897e-15 1.99774403936)
(-0.0790414887958 -1.39341171407e-11 2.08946522101)
(-0.0321819015278 -7.64994298714e-11 2.06045468566)
(-0.0528193373932 -1.06996039371e-11 2.0164732296)
(-0.0381495547543 -1.83333009594e-12 1.99774167697)
(-0.0240990865113 -2.95787970105e-13 1.98974410626)
(-0.0129006600259 -5.7407428126e-14 1.98760632578)
(-0.0045606970864 -1.23242892949e-13 1.98834098143)
(0.0013693491187 -1.11687686463e-12 1.99011057907)
(0.00538482490276 -1.345528023e-11 1.99193873311)
(0.00803275621159 -8.46660245758e-13 1.99342383524)
(0.00978065571326 -4.46635661979e-13 1.99444749042)
(0.0110224681654 -7.85263402193e-12 1.99502263554)
(0.012096393408 -6.17283082875e-12 1.99520042921)
(0.0133227918116 -2.26625198851e-13 1.99501813446)
(0.0150126720882 -7.70868881054e-15 1.99451234528)
(0.0176934911598 -9.40498790899e-16 1.99355446376)
(0.0211895025974 -1.28318633569e-14 1.99279801715)
(0.0292235129698 6.78791893641e-14 1.98984304803)
(0.0260280245752 4.22681054131e-12 1.99523354168)
(0.0394429646936 6.39399643071e-14 2.01758312009)
(-0.201088812826 -2.41897808292e-11 2.26144090233)
(-0.151974258725 -6.55809927306e-11 2.07567363607)
(-0.113866579208 -1.24582370609e-11 2.01060882897)
(-0.0649490873963 -2.45047169691e-12 1.98658977014)
(-0.0348175808146 -4.38807792246e-13 1.97905235478)
(-0.015845904759 -1.08692633179e-13 1.97936871695)
(-0.00391995533857 -2.79558533363e-13 1.98268037445)
(0.00357550328315 -1.72379025428e-12 1.98656055429)
(0.00820451102983 -1.25436618069e-11 1.98994194571)
(0.0110576394097 -1.29797654971e-12 1.99249640117)
(0.0128484737373 -7.0406371718e-13 1.99419755347)
(0.0140975980214 -7.53961524892e-12 1.99514122148)
(0.0152120089157 -6.1892401684e-12 1.99543778402)
(0.0165752521948 -3.6064529836e-13 1.99515172003)
(0.0185236110942 -1.35253878777e-14 1.99434545461)
(0.0218714073868 -7.39814794998e-15 1.99277854125)
(0.0259895982794 -2.25495195383e-13 1.99150089391)
(0.0371046229475 1.02172657421e-13 1.98742423305)
(0.0384771521387 4.24080051686e-12 1.99410466235)
(0.051186955557 1.08272061105e-13 2.03335565753)
(-0.958625239322 -4.25443730601e-11 2.46073446624)
(-0.469019803292 -5.95663742058e-11 1.97630717628)
(-0.183061261337 -1.23144494936e-11 1.955578292)
(-0.0894678203248 -2.82659786015e-12 1.95138668373)
(-0.0414646795316 -6.10208606542e-13 1.95637300169)
(-0.0149303508839 -2.87064579587e-13 1.96501979916)
(-0.000411288059675 -1.19458434258e-12 1.97355051055)
(0.00771415522499 -2.87520096106e-12 1.98064384472)
(0.0122907472862 -1.17186828733e-11 1.98601274273)
(0.0148935550069 -1.72636038164e-12 1.98978320164)
(0.0164229524205 -1.01885310146e-12 1.99219330611)
(0.0174746146272 -7.78185513975e-12 1.993491957)
(0.0184852265446 -6.22371139303e-12 1.99387390113)
(0.019882284958 -5.0151646271e-13 1.99343319373)
(0.0219891689519 -5.1508197811e-15 1.99225347734)
(0.0259846891829 -4.98918715936e-14 1.98995266985)
(0.030718798292 -3.03107977696e-12 1.98780907727)
(0.0453917445911 1.12257532646e-13 1.98226655584)
(0.0549630592441 6.08822443201e-12 1.98844794176)
(0.134115024735 1.00764635206e-13 2.01536830255)
(-0.347420255357 -2.61151351377e-11 2.47994668345)
(-0.303042270092 -7.80845033108e-11 1.78697249183)
(-0.144897389863 -1.22207123329e-11 1.85205561408)
(-0.0723730556812 -3.04562695437e-12 1.89434015339)
(-0.0281105760976 -8.64584152586e-13 1.9246552717)
(-0.00402226515128 -1.2903800527e-12 1.94710517694)
(0.00821997605213 -1.2937474467e-11 1.96302725129)
(0.0145729248229 -1.24651203605e-11 1.97405554532)
(0.0178828158379 -1.13699883535e-11 1.98160060853)
(0.019579905305 -2.1794046149e-12 1.98658176953)
(0.0204763105136 -1.85296163319e-12 1.98964231836)
(0.021103715228 -1.5077914881e-11 1.99122977398)
(0.0218557600625 -6.81708070598e-12 1.99163337176)
(0.0231719765862 -6.58938555052e-13 1.99096984502)
(0.0253139393177 2.5211204545e-13 1.98932782544)
(0.0298612768597 -8.10700850034e-14 1.98614280867)
(0.0350661733251 -2.85771355696e-12 1.98269736332)
(0.0533814456375 1.19749033784e-13 1.97440084133)
(0.0650477425199 5.99811200078e-12 1.97640209825)
(0.177957148144 -3.19248250208e-12 1.95682523199)
(-0.121767238081 -6.60422125418e-11 3.09619559849)
(-0.181222306599 -1.02571228752e-10 1.64279614713)
(-0.0391919624903 -1.29396608513e-11 1.73721574307)
(-0.000391220880644 -3.26993335864e-12 1.84301445825)
(0.0148115135197 -1.17512042612e-12 1.89830410466)
(0.0205465000586 -2.27200862544e-12 1.93208623966)
(0.0231584208686 -1.29651954811e-11 1.95404798783)
(0.0245367452775 -2.08157034788e-11 1.96834413298)
(0.0250759435186 -1.14884564621e-11 1.97767665695)
(0.0251217863715 -2.83293712043e-12 1.98364528511)
(0.0249860515125 -6.76467564504e-12 1.98722127985)
(0.0249512664285 -1.46047794073e-11 1.98900517866)
(0.0252795081406 -1.29119344514e-11 1.98935439979)
(0.0263832966414 -8.94557327949e-13 1.98838723671)
(0.0284034113706 4.19832445338e-12 1.98617178449)
(0.0333164210395 -3.14688310367e-14 1.98191546978)
(0.0385076466492 -2.77585074659e-12 1.97672993675)
(0.0595980618096 1.42950344738e-13 1.96425233305)
(0.0672934808622 7.68962803054e-12 1.95818756477)
(0.190537156278 -2.91469140437e-12 1.90020472912)
(-0.074909827383 -7.15306093366e-11 3.91696728455)
(-0.0643977687893 -1.38387005446e-10 1.75480495707)
(0.164649250138 -2.39538608948e-11 1.76067281532)
(0.129314283623 -5.08052946e-12 1.85346213944)
(0.0772554179212 -1.6868463177e-12 1.89980558824)
(0.0533534497887 -3.88333728559e-12 1.92925204458)
(0.0422107932923 -2.30796426325e-11 1.95039576979)
(0.0366310858986 -2.05279063404e-11 1.96503466345)
(0.0334528271812 -1.16301556123e-11 1.97488274954)
(0.0313414958985 -3.56685820657e-12 1.98126950898)
(0.029866458447 -7.57170629931e-12 1.98508728485)
(0.028961718069 -1.42502260971e-11 1.98691890128)
(0.0287036836032 -1.26570798157e-11 1.98711579322)
(0.0294492901036 -1.12953927166e-12 1.98576017099)
(0.0311564280489 3.94226397343e-12 1.98287066287)
(0.0361742843004 1.84824084117e-14 1.97739713646)
(0.040652730099 -2.68863333572e-12 1.97021713232)
(0.0631846186036 1.64594048815e-13 1.95318376835)
(0.0639060935433 7.40224699566e-12 1.93814677003)
(0.180757198456 -2.63900493055e-12 1.85897623075)
(-0.0179667241702 -6.58552158821e-11 5.08000208788)
(0.0539322489218 -8.00420422542e-11 2.62297779697)
(0.307336744067 -2.91640572039e-11 2.08296583208)
(0.190814496605 -7.38744400187e-12 1.95607771469)
(0.103776297766 -2.30004012709e-12 1.93187532404)
(0.0741837013689 -4.943220151e-12 1.9399699604)
(0.0581974923394 -2.07688136346e-11 1.95306091985)
(0.0481838713311 -1.98887251241e-11 1.96461328427)
(0.0419815090832 -1.18634986536e-11 1.97346323287)
(0.0378271303773 -5.30153372472e-12 1.97956866256)
(0.0349371149508 -1.70717079105e-11 1.98327877861)
(0.033039948254 -1.42683312247e-11 1.9849680951)
(0.0320608360852 -1.23508934301e-11 1.98489791426)
(0.0323036068708 -1.38229287551e-12 1.98307494288)
(0.0334910125692 3.72069007494e-12 1.97944706726)
(0.0383286380179 6.62035352441e-14 1.97271197992)
(0.041437189067 -2.5849611204e-12 1.96355068112)
(0.0641334470282 1.86656715455e-13 1.94266755099)
(0.0572668336005 7.14967756221e-12 1.91998342117)
(0.159926775066 -2.3782190657e-12 1.83228855816)
(0.0665492498823 -5.83555770271e-11 6.20886870391)
(-0.174541899892 -6.27860396115e-11 3.45596615901)
(0.0417435523745 2.30545151603e-11 2.22874078675)
(0.0839799856383 -5.8591115932e-12 1.99859216581)
(0.0769748822399 -2.61412366749e-12 1.9512137509)
(0.0763300873956 -5.03313723848e-12 1.949196021)
(0.0667017708765 -9.31717147832e-12 1.9566095213)
(0.057174575348 -1.8536529087e-11 1.96535048714)
(0.0497799579468 -1.25809268103e-11 1.97294582553)
(0.0441646515888 -1.74450638363e-11 1.97846091131)
(0.039989467606 -2.55148796996e-11 1.98182081056)
(0.0370702948823 -1.46168359921e-11 1.9832012592)
(0.0352769400005 -1.21226207506e-11 1.98275716416)
(0.0348902780321 -1.92506683385e-12 1.98040647077)
(0.0353634431003 3.22478574642e-12 1.97602282616)
(0.0397617260547 9.91798393134e-14 1.96809388635)
(0.041040770785 -2.46947342388e-12 1.95717011054)
(0.0629289691515 2.10330194726e-13 1.93360847714)
(0.0491534348915 6.91197195545e-12 1.90539306729)
(0.136511396061 -2.14670573348e-12 1.8162936466)
(0.0983273457374 -4.37471574965e-11 6.98064630059)
(-0.268820171386 4.19092460471e-11 3.33929683204)
(-0.142976365024 2.31560215412e-11 2.04659958674)
(0.0388028226141 -5.39554254326e-12 1.92160017618)
(0.0723632197976 -2.85717423779e-12 1.92876554402)
(0.0826107612436 -5.76717269783e-12 1.9437072762)
(0.0749021957325 -1.95839468157e-11 1.95536853327)
(0.0655653138339 -1.80855047447e-11 1.96505432537)
(0.057203256004 -1.25123280126e-11 1.97258162314)
(0.0502937128076 -1.74051548691e-11 1.97774633707)
(0.0449043160405 -2.45460370693e-11 1.98071279464)
(0.0409561417904 -1.49284490251e-11 1.98168828072)
(0.0382863724774 -1.23963966882e-11 1.98079414087)
(0.0371709091421 -7.28430429606e-12 1.97788355633)
(0.036770720916 -1.43671869781e-12 1.97277083572)
(0.0405238934495 2.05591574599e-14 1.96379932819)
(0.0397371770805 -2.34861306816e-12 1.95143008714)
(0.0601924061927 2.35488225849e-13 1.92633159007)
(0.0407088888163 6.67799222538e-12 1.89459036369)
(0.114413660741 -1.95165727482e-12 1.80734303388)
(0.119952638968 -3.38794032837e-11 7.61319967694)
(-0.246310401057 9.63450966291e-12 3.49028408636)
(-0.144686836725 -4.20956349661e-11 1.9476706254)
(0.132738241584 -7.34247651191e-12 1.86903247577)
(0.139904428597 -3.32888088041e-12 1.9107130494)
(0.115102812467 -6.19265057404e-12 1.93730172528)
(0.0919848258194 -1.82629987743e-11 1.9533816667)
(0.0767727518219 -1.67872727084e-11 1.96472923105)
(0.0652778203162 3.34624295977e-13 1.97254350225)
(0.0564215653627 -1.63783674853e-11 1.97745056193)
(0.0496585240985 -2.35990513137e-11 1.9799928752)
(0.0446343264513 -1.50819599371e-11 1.98049898751)
(0.0410410540743 -1.83402132428e-11 1.97910669736)
(0.0391271474592 -7.59795333904e-12 1.9756324112)
(0.0377424366303 -5.86044253761e-12 1.96985058762)
(0.0407053592178 1.19900813064e-14 1.96003208142)
(0.0378015533822 -2.23727035217e-12 1.9465553421)
(0.0564871435607 2.5564090577e-13 1.92083813193)
(0.0326007834371 6.26200791399e-12 1.88712141741)
(0.0948722676228 -1.79704476248e-12 1.80284489098)
(0.165021710101 -3.17884492684e-11 8.24309109216)
(-0.172967898725 -6.43045636355e-11 4.19549794915)
(-0.0961163383774 -4.1171916432e-11 2.42689232379)
(0.239141953861 -1.04725321963e-11 2.02638917111)
(0.206044511939 -4.1537342949e-12 1.96185837191)
(0.144352073534 -6.83996137957e-12 1.95327071805)
(0.109135262862 -2.66184405811e-11 1.95955145822)
(0.0884974965441 -1.66980048263e-11 1.96765306058)
(0.0734146512349 -2.82679453278e-12 1.97390948445)
(0.0623523549497 -1.56781796565e-11 1.97790343974)
(0.0541469877908 -2.24669540235e-11 1.97977620187)
(0.0480356253168 -8.7940128525e-12 1.97970719514)
(0.0435042385414 -1.75581809361e-11 1.97777707563)
(0.0407577163633 -7.85983972758e-12 1.97375618399)
(0.0383299596985 -5.51559058151e-12 1.96738591031)
(0.0404156358208 3.27686596858e-12 1.9569284157)
(0.0354779872325 -2.34508463642e-12 1.94266369084)
(0.0522626880427 2.11109219852e-13 1.91700549215)
(0.0252075671359 1.8216353765e-12 1.88239776245)
(0.0781561208437 -1.83276982367e-12 1.80118810896)
(0.236396993856 -2.77786684094e-11 8.82022939419)
(-0.00877544548345 -4.30923785208e-11 5.12335748134)
(-0.111355392681 6.71459314189e-11 3.27931044798)
(0.162949061011 -4.99705229297e-12 2.2225567009)
(0.168347969213 -4.17572883764e-12 2.02186364628)
(0.134610798068 -7.14170655227e-12 1.97614261297)
(0.112935438639 -2.448460461e-11 1.9704272402)
(0.0950376422337 -1.73284805293e-11 1.97318076725)
(0.0794672688245 -1.7951251465e-11 1.97667847044)
(0.0673428975267 -1.61845651801e-11 1.97917459923)
(0.0580993429488 -2.21864186764e-11 1.98011176073)
(0.0510542976211 -1.72134415822e-11 1.97935877003)
(0.0456418474985 -1.72041155634e-11 1.97686492802)
(0.042073851352 -8.14838346465e-12 1.97233243053)
(0.0385973530828 -5.75398130981e-12 1.96546590759)
(0.0397705730411 3.07491604308e-12 1.95456947811)
(0.0329736147726 -7.99013245092e-12 1.93979910767)
(0.0478612172768 4.15280686317e-14 1.91467194365)
(0.0187321459476 1.82105608275e-12 1.87988661133)
(0.0641820758066 -5.48149350941e-12 1.80133383606)
(0.28818212735 -2.11631656084e-11 9.2921988334)
(0.102915957654 -9.60728586453e-12 5.88003568974)
(-0.134663094346 2.64374421281e-10 3.68009936017)
(0.0501920113671 8.83658766381e-12 2.21708817386)
(0.12306273339 -3.35180560889e-12 2.01013217353)
(0.123449205075 -7.56129912026e-12 1.97750146472)
(0.113560467155 -3.31924550033e-11 1.97508099662)
(0.0982907840573 -1.80569653279e-11 1.9770595881)
(0.083462911635 -1.81961943465e-11 1.97933987493)
(0.0711788358723 -1.7108561687e-11 1.98077174015)
(0.0613592509139 -3.04380353206e-11 1.98085053456)
(0.0536152859696 -1.78776644219e-11 1.97942655431)
(0.0474371794219 -1.71491958129e-11 1.97639478575)
(0.0431002222949 -8.68183984305e-12 1.97141117003)
(0.038615722842 -1.39468185376e-11 1.96414853568)
(0.0388836317435 8.78817493148e-12 1.95299402281)
(0.0304578102571 -7.22929951913e-12 1.93795379979)
(0.0435330021445 -1.07980184632e-13 1.91365976561)
(0.0132523221792 1.76053191838e-12 1.87912862365)
(0.0526783383307 -5.22918224593e-12 1.80255068844)
(0.314463095529 1.41760312251e-11 9.68199608649)
(0.150803403577 2.23251841381e-11 6.49687246871)
(-0.214491312214 2.58054795862e-10 3.90677229802)
(-0.0423472459284 7.76490826903e-11 2.22478466859)
(0.154372693815 3.22281253374e-12 2.00874341227)
(0.15408571367 -6.91116182823e-12 1.98162047837)
(0.126948248081 -2.88313629024e-11 1.97868317127)
(0.104240152385 -3.53127191567e-12 1.97987050041)
(0.0875288926052 -2.94197455774e-11 1.98159849757)
(0.0744760150132 -1.88448203128e-11 1.98238202267)
(0.0640704172588 -2.95868039152e-11 1.98181460726)
(0.0557534436835 -1.87491898485e-11 1.97984081711)
(0.048917846659 -2.2663172417e-11 1.97635964576)
(0.0438811614914 -9.30779885093e-12 1.97101566756)
(0.038460729332 -1.71919926148e-11 1.96346346995)
(0.0378598934931 7.73589418087e-12 1.95220713705)
(0.0280616858642 -6.61230521224e-12 1.93708315717)
(0.0394487863252 -2.41323923379e-13 1.91378622421)
(0.00875498957562 1.69244661571e-12 1.87973220597)
(0.0432872332003 -1.4928862587e-12 1.80433270791)
(0.328634644239 1.16193925418e-11 10.0135802661)
(0.187160589161 3.81382247368e-11 7.04965226208)
(-0.239311778891 1.92876511712e-10 4.34017702785)
(-0.138153832793 1.508225717e-10 2.5734914444)
(0.193092003157 1.64532981155e-11 2.12848178978)
(0.17938936329 -5.19238767815e-12 2.02397964739)
(0.134307092835 -4.71243196547e-11 1.99315538579)
(0.107924975051 -8.71806264075e-12 1.98571953339)
(0.0906764143409 -2.6737220668e-11 1.98463163734)
(0.0771498649128 -2.09939757605e-11 1.9841885139)
(0.066311426547 -4.57632643449e-11 1.98295848628)
(0.0575491216353 -2.05370231445e-11 1.98055164713)
(0.0501509909826 -2.1807463936e-11 1.97674248693)
(0.0444814518111 -5.04836425028e-12 1.97115068374)
(0.038210585296 -1.60577890431e-11 1.96341763942)
(0.0367923763154 6.63149513433e-12 1.9521886637)
(0.0258797256211 -6.08311294676e-12 1.93711936269)
(0.0357135809464 -3.60480573701e-13 1.91487705962)
(0.0051710508114 1.60912511162e-12 1.88137859637)
(0.0356501645127 -1.39550023926e-12 1.80636277409)
(0.339909663698 -1.61552018081e-11 10.2737204797)
(0.244444681609 4.61623431576e-11 7.5203936224)
(-0.0938932554213 2.27132917125e-10 4.9279882325)
(-0.195587588876 2.38859650897e-10 3.13311547534)
(0.129533700989 2.88913450338e-11 2.25404304062)
(0.141060021938 -3.21925772867e-12 2.06186405289)
(0.116212810254 -4.15170271497e-11 2.0060802864)
(0.102639118833 -1.24214929373e-11 1.99102934949)
(0.0903473605961 -2.53436081704e-11 1.98723932206)
(0.0784591983712 -2.25480391095e-11 1.98575921279)
(0.0680057810973 -4.24202354747e-11 1.9841204099)
(0.0590805838624 -2.21780493646e-11 1.98149844251)
(0.0512265999295 -2.08709246997e-11 1.97752546251)
(0.0449803736528 -6.06162676562e-12 1.97181320581)
(0.0379425912669 -1.4965211734e-11 1.96400385617)
(0.0357599378639 5.55936764156e-12 1.95290285501)
(0.0239741290604 -5.62245396323e-12 1.93798416431)
(0.032382485761 -4.67043863926e-13 1.91677792615)
(0.00240463450197 1.52075389304e-12 1.8838222887)
(0.0294504201059 -1.34336934535e-12 1.80846114669)
(0.342705640326 1.89081959796e-11 10.4485460129)
(0.282966967186 1.67025606434e-11 7.88239117244)
(0.0232576742656 1.23651445909e-10 5.40465155111)
(-0.194772245663 1.91303468177e-10 3.42243539942)
(0.0509469598665 3.53415028987e-11 2.2620247134)
(0.100651572165 -1.90808174446e-12 2.05049944955)
(0.0994257316292 -3.70892993202e-11 1.99925858691)
(0.0977216638296 -1.56858766643e-11 1.98818444688)
(0.0897627095825 -3.73053222257e-11 1.98641629021)
(0.0796289695256 -2.47452459752e-11 1.98603913149)
(0.0696811547552 -3.99085070983e-11 1.984985115)
(0.0606038291531 -3.03446548937e-11 1.98260903135)
(0.0522879004969 -1.49261740881e-11 1.97870285783)
(0.0454709828639 -6.81021372942e-12 1.97300498306)
(0.0377292422262 -1.43156382723e-11 1.9652108309)
(0.03482585024 4.52631275034e-12 1.95430795496)
(0.0223801758181 -5.21959188589e-12 1.93959896621)
(0.0294751131956 -5.66276582545e-13 1.91935948945)
(0.000351465732478 1.29914244107e-12 1.88688087884)
(0.0244224910877 -1.38707015702e-12 1.81053317254)
(0.334641315981 -4.78702964866e-12 10.5548440082)
(0.295673560394 5.82209145947e-11 8.16619557692)
(0.0909837193193 1.12131255492e-10 5.80806058755)
(-0.156876239584 1.46931352769e-10 3.59437769489)
(0.00496557358311 3.95959135745e-11 2.22889962433)
(0.0996923524085 -3.73818248614e-11 2.0121538899)
(0.109849085612 -3.58278878701e-11 1.98064291507)
(0.106559053492 -1.81987698971e-11 1.9800189292)
(0.0953654284192 -3.42156609137e-11 1.98329668876)
(0.0835077161769 -2.62144411344e-11 1.98553710308)
(0.0724868369472 -3.7824438162e-11 1.98580544762)
(0.0625708818471 -2.98347730164e-11 1.98402081838)
(0.0535262058123 -1.52239164022e-11 1.98034764916)
(0.0460491441522 -7.78853957361e-12 1.97475484219)
(0.0376308478936 -2.12438841731e-11 1.96703366249)
(0.034035572812 3.27776359486e-12 1.95636395861)
(0.0211107135775 -4.86385432849e-12 1.94189127194)
(0.0269864318389 -7.20255083384e-13 1.92251727683)
(-0.00109157252272 -3.05150346094e-12 1.89042108145)
(0.0203479688165 -4.99934833066e-12 1.81253332267)
(0.318275618492 -9.04054054024e-13 10.6245952468)
(0.288679339281 2.55133786568e-11 8.4194605279)
(0.109127411299 1.33442906191e-10 6.19673653491)
(-0.183325550858 1.22447900117e-10 3.89306419935)
(-0.0265746016192 4.32939118128e-11 2.32735308609)
(0.15300353091 -2.88948364768e-11 2.03771668473)
(0.156956450418 -3.39309932894e-11 1.99014313007)
(0.131630881305 -2.01189971795e-11 1.98325692312)
(0.107969748507 -3.16307917028e-11 1.98495845731)
(0.0906102607326 -2.70702553534e-11 1.98726644303)
(0.0767053947697 -3.61030852937e-11 1.98782518991)
(0.0651180024112 -2.93776844673e-11 1.9862356953)
(0.0550113755025 -9.9771933608e-12 1.98265829235)
(0.0467572087786 -8.38378512351e-12 1.97713141213)
(0.0376769404373 -2.0006914912e-11 1.9694786331)
(0.0334120004092 1.88265071287e-12 1.95903633004)
(0.0201589878319 -4.34137775108e-12 1.94479749755)
(0.0248942325892 -8.47269914965e-13 1.92616902042)
(-0.00202175281047 -2.98845495791e-12 1.89434664206)
(0.0170487822525 -4.93279655745e-12 1.8144447831)
(0.303311694979 4.2997407772e-12 10.6728461353)
(0.285833951766 3.68928920648e-11 8.65794209806)
(0.136772225665 1.38725339578e-10 6.59795150111)
(-0.181984190055 1.11185895015e-10 4.39129310927)
(-0.0780941300167 4.71888368109e-11 2.76152285267)
(0.191272868124 -2.06273351651e-11 2.19835721249)
(0.185012215062 -3.14798605373e-11 2.05094454426)
(0.143727670881 -2.08718443779e-11 2.00660388063)
(0.115337445168 -1.66431707494e-11 1.99540584772)
(0.0960634284964 -2.62925481392e-11 1.99319650075)
(0.0804597466944 -3.51307246248e-11 1.99197930436)
(0.0675591733506 -3.53885485413e-11 1.98967515237)
(0.0565070778413 -1.15462908189e-11 1.98581221464)
(0.0475208637238 -9.01133123897e-12 1.98019585747)
(0.0378464997233 -1.91261445605e-11 1.97254881958)
(0.0329509875142 -5.76461591746e-12 1.96229248081)
(0.0195008494407 1.67435071302e-12 1.94826218749)
(0.0231644578869 -8.10678934444e-13 1.93025092431)
(-0.00252828184187 -2.91063293489e-12 1.89858899827)
(0.0143803835081 -4.91584786536e-12 1.8162675012)
(0.294188903326 -1.67026528307e-11 10.6824193625)
(0.296497989417 6.01498655802e-11 8.84408030158)
(0.200782738334 7.915578868e-11 6.93336734682)
(-0.0487778938618 9.28051412053e-11 4.91026853467)
(-0.126498197784 4.8894950949e-11 3.30106856706)
(0.119889078426 -1.6510663717e-11 2.34313757992)
(0.145074849586 -5.5264612239e-11 2.0999831334)
(0.125898975618 -2.40804539947e-11 2.02692171494)
(0.110531000077 -3.08468547106e-11 2.00614875339)
(0.0961602737353 -2.74118796066e-11 2.00010824647)
(0.0819018952477 -4.1598690607e-11 1.99712401741)
(0.0690850718535 -2.75592401111e-11 1.99398018574)
(0.0576784425924 -1.2674309252e-11 1.98970652559)
(0.0482063085624 -9.63868253392e-12 1.98391097183)
(0.0380838401355 -1.85002527202e-11 1.97621384934)
(0.0326272493104 -1.25635307566e-11 1.96609212785)
(0.019099326184 6.86900724191e-12 1.95223448734)
(0.0217558117917 -6.31206687673e-13 1.93471336336)
(-0.00269139518867 -2.73290570303e-12 1.90309980375)
(0.0122244774403 -4.90722126835e-12 1.81801041755)
(0.280961268072 -5.99837442696e-13 10.6414815551)
(0.294173436572 4.66387156068e-11 8.95417540057)
(0.228622704559 7.0234849753e-11 7.15671874405)
(0.0327143471519 7.91811425888e-11 5.2410957016)
(-0.131530465285 4.71781138733e-11 3.53541173817)
(0.0475794281149 -1.31262451236e-11 2.35815761805)
(0.112934920789 -5.10367969865e-11 2.09493379125)
(0.115460705588 -2.62183107996e-11 2.02686340904)
(0.108390380381 -2.99873156742e-11 2.00903951307)
(0.0962011611282 -2.75924135617e-11 2.00407510192)
(0.0827634609454 -3.09106296464e-11 2.00147384803)
(0.0701676384795 -2.70039967134e-11 1.99839697144)
(0.0586014385532 -1.37040188775e-11 1.99403490907)
(0.0487949012018 -1.02436181049e-11 1.98814588673)
(0.0383568142761 -1.78596802502e-11 1.98040431937)
(0.032414378961 -1.23555717758e-11 1.97038301818)
(0.0189132363918 6.20080600731e-12 1.95666530117)
(0.0206245895002 -3.95163030409e-13 1.93951698215)
(-0.00258199402706 1.37223690433e-12 1.90784505243)
(0.0104832996173 -4.85028698881e-12 1.81968638951)
(0.261132467535 3.70984330892e-12 10.5740916368)
(0.276335206136 9.49030701449e-12 9.02609935895)
(0.220005032021 5.32710939725e-11 7.33889008977)
(0.0432183306005 6.77166254084e-11 5.51553438719)
(-0.169874767812 5.37831011218e-11 3.71462011848)
(0.00384262738452 5.24275918487e-11 2.41910701142)
(0.139373884599 -4.08096079864e-11 2.11357470504)
(0.141882116167 -2.73942450676e-11 2.03609361011)
(0.121945277976 -2.92454996309e-11 2.01434186601)
(0.102133457331 -2.75757206022e-11 2.00848832182)
(0.0857456144638 -3.00199472637e-11 2.00602235183)
(0.0718841175899 -2.64949601584e-11 2.00310635952)
(0.0596440012579 -1.45799382874e-11 1.99875683948)
(0.0493899256227 -1.08129469979e-11 1.99282676212)
(0.0386769106089 -1.72151631716e-11 1.98505552682)
(0.0322983412921 -1.18106196094e-11 1.97511194081)
(0.0189051254895 1.08648268754e-11 1.96150885809)
(0.0197290922674 -3.42385019952e-14 1.94463052517)
(-0.00226161026081 1.40174864233e-12 1.91280118117)
(0.00907781015323 -4.84225479847e-12 1.82130989615)
(0.242258130406 5.00500532377e-13 10.5039001772)
(0.260278735794 -1.5830270661e-11 9.09403306647)
(0.213504843408 3.70298832176e-11 7.53290792507)
(0.058374769412 5.74978455587e-11 5.84243264431)
(-0.176683778898 5.37953547135e-11 4.07949044594)
(-0.0348438415745 4.59037357726e-11 2.72868551695)
(0.168887898094 -3.11424495102e-11 2.23394325792)
(0.164126619872 -2.72390957112e-11 2.08475577837)
(0.131147444682 -2.84589447523e-11 2.03478047679)
(0.10641793171 -2.75689730528e-11 2.01895240706)
(0.0883329481476 -2.93400833422e-11 2.0131188807)
(0.0734681342647 -2.60198082944e-11 2.00896323701)
(0.0606041501235 -1.53090846911e-11 2.00411488124)
(0.0499475008575 -1.13234605189e-11 1.99798109696)
(0.0390278599181 -1.63508859555e-11 1.99013394894)
(0.032264030849 -1.10809388707e-11 1.98023622886)
(0.0190418118291 9.67684678784e-12 1.96672635788)
(0.019032020352 2.72642463409e-13 1.95003033325)
(-0.00178251071945 1.33295596645e-12 1.91795290296)
(0.00794661878836 -4.95141877029e-12 1.82289697816)
(0.229249162864 -3.46446015687e-11 10.4218478267)
(0.254951915924 -2.11984457663e-12 9.14165856119)
(0.227332277166 8.34301774541e-11 7.70417442459)
(0.118776216119 6.35370858012e-11 6.14899780299)
(-0.0758014589421 5.51902528685e-11 4.50764122714)
(-0.077253816158 4.44923455023e-11 3.1612959097)
(0.122801569531 1.48463871206e-11 2.37060326377)
(0.138588418011 -3.07272051788e-12 2.13749715313)
(0.117650674654 -2.59172919994e-11 2.05793779871)
(0.100774006003 -3.75575076197e-11 2.03121761988)
(0.0865007774483 -2.96942532839e-11 2.02124975336)
(0.0731545568925 -2.56320623462e-11 2.01542877818)
(0.0608252331726 -1.59052922414e-11 2.00990667552)
(0.0502566208586 -1.14498250562e-11 2.00351359064)
(0.0393444750701 -7.51800888132e-12 1.99557999096)
(0.0322874135623 -4.08615240796e-12 1.98571332248)
(0.0192933321159 3.32019343297e-12 1.97228533739)
(0.0185013976231 3.78886376998e-13 1.95569983072)
(-0.00118786644145 1.15758212033e-12 1.9232915076)
(0.00704233765858 -1.22241308004e-11 1.82446495585)
(0.216782934523 -2.27547225821e-11 10.3126991593)
(0.247724599766 4.14663076628e-12 9.14580168464)
(0.23356159531 5.85476491946e-11 7.81281526171)
(0.156967845953 6.07076156063e-11 6.35671625532)
(-0.00102302425056 5.60506348764e-11 4.80474033909)
(-0.091568478887 4.93354884823e-11 3.43598014487)
(0.0671752843348 5.68416248766e-11 2.44271036271)
(0.108465654846 7.30951580356e-13 2.15907241893)
(0.102002703147 -2.36165335382e-11 2.0669365832)
(0.093405900619 -3.58274634356e-11 2.03704147814)
(0.0832152128858 -2.97703471099e-11 2.0264882684)
(0.0719578097566 -2.5313705034e-11 2.02074607489)
(0.060648141646 -1.64045939376e-11 2.01540275319)
(0.0504341993619 -1.15988531876e-11 2.00913638257)
(0.0396643627964 -7.69515463705e-12 2.0012791044)
(0.0323769124016 -3.87381972626e-12 1.99149336198)
(0.0196429882547 2.88678018805e-12 1.97815898315)
(0.0181126375264 4.68142417628e-13 1.96162922972)
(-0.000512327750642 9.75927500291e-13 1.92881325322)
(0.00632664563508 -1.19490243935e-11 1.82603119128)
(0.201737035741 2.61697368888e-12 10.185014527)
(0.234227681913 -4.24299395762e-11 9.11929188263)
(0.226947329182 3.21868820779e-11 7.88034785801)
(0.168138757185 5.08337575359e-11 6.51137244708)
(0.0390772381982 5.39765074514e-11 5.04113859574)
(-0.0806669502669 5.20945777226e-11 3.62676699561)
(0.0293127153785 5.26074215933e-11 2.49281737075)
(0.0990508262925 -1.93040039313e-11 2.16422436966)
(0.10288598391 -8.87417308125e-12 2.06756953799)
(0.0956708151141 -5.46401928282e-11 2.03824548484)
(0.084670217339 -3.15089884581e-11 2.02923078794)
(0.0729579610783 -2.55346091101e-11 2.02489607248)
(0.0614533167735 -1.69078142575e-11 2.02051606909)
(0.0510461479684 -1.17982169094e-11 2.01478939823)
(0.0401978594552 -7.96991835038e-12 2.0072008968)
(0.0326001015722 -4.02578230603e-12 1.99756218302)
(0.0200945129053 2.52151184482e-12 1.98433863536)
(0.0178490085661 5.37902465844e-13 1.96781849676)
(0.000216284489947 7.94245892242e-13 1.93451900672)
(0.00576490513297 -1.16530911835e-11 1.82761274873)
(0.184757041413 7.10549780366e-11 10.0581555711)
(0.216227910285 5.79925654905e-12 9.08806213184)
(0.210980552242 6.82906726646e-11 7.94287167248)
(0.158122999958 6.05027763517e-12 6.66519141272)
(0.0361359203292 4.32333197938e-11 5.27610665899)
(-0.110428314859 6.17672124431e-11 3.83965329287)
(0.000625159826723 9.90784555873e-11 2.62632242344)
(0.122723157751 -8.37861458769e-12 2.21256886165)
(0.127213195112 -9.92070309008e-12 2.08770019664)
(0.109816282208 -4.8308412722e-11 2.04753842412)
(0.0919819144455 -3.32008288624e-11 2.03534851739)
(0.0769664112566 -3.96435277152e-11 2.03057563891)
(0.0637509522272 -1.86219018714e-11 2.02642409743)
(0.052360478952 -1.25064096637e-11 2.02095765116)
(0.0410616783047 -1.63218443664e-11 2.01353538687)
(0.03299536405 -1.11241497345e-11 2.00399173441)
(0.0206434325602 1.85067448869e-12 1.99084974894)
(0.0176917232452 5.77910458301e-13 1.97428144343)
(0.000972447074097 6.15150461723e-13 1.94041490473)
(0.00532301172938 -1.13514003737e-11 1.82922735002)
(0.169906422262 5.53274284843e-11 9.94036192887)
(0.201245035605 8.04051328754e-11 9.06244470855)
(0.19932145596 7.42724697989e-11 8.01283750054)
(0.153957603247 8.3244153473e-11 6.83399791357)
(0.0426971923094 5.9129972437e-11 5.54520383559)
(-0.118282136368 6.81916631912e-11 4.15763126807)
(-0.0298685470168 8.75539782537e-11 2.94042314852)
(0.13933253086 1.31035858365e-12 2.34190523366)
(0.142700142502 -9.05030698817e-12 2.14175999207)
(0.117547967938 -4.28501335061e-11 2.07156030159)
(0.0964500458782 -3.39350670885e-11 2.04836722996)
(0.0800682437388 -3.74170869547e-11 2.0397280841)
(0.065852256793 -1.99586441656e-11 2.03415273439)
(0.0536861900388 -1.32171287843e-11 2.02814678056)
(0.0419796700816 -1.57147698968e-11 2.02051504451)
(0.0334493212215 -1.09177057731e-11 2.01088329726)
(0.0212305530193 1.21054207637e-12 1.99773384179)
(0.0176033536766 5.91149621185e-13 1.98103969893)
(0.00172651302309 4.37523380598e-13 1.94651068312)
(0.00496864382956 -1.10547447187e-11 1.83089420378)
(0.159309531186 4.83706005539e-11 9.81983153832)
(0.193002829148 7.07902571649e-11 9.02653708405)
(0.198398275844 7.25523475828e-11 8.0659612474)
(0.168332746327 7.54467731145e-11 6.97882183346)
(0.08743043649 6.52557951745e-11 5.78650389682)
(-0.0478360472277 6.94313707782e-11 4.491766648)
(-0.0568013488428 7.51367849333e-11 3.30863676793)
(0.0997909567812 7.48455454188e-12 2.47725572334)
(0.122821135087 -7.82423884788e-12 2.19653360883)
(0.107913023873 -3.85358709026e-11 2.09694780983)
(0.0927117749987 -3.40018538816e-11 2.06283653862)
(0.0791315719133 -3.57026347644e-11 2.05009323791)
(0.0660156531908 -2.07257142107e-11 2.04282981151)
(0.0541455739859 -1.38498473044e-11 2.03606513286)
(0.0425303996889 -1.50357389312e-11 2.02806160018)
(0.0337643141188 -1.066428603e-11 2.01822582446)
(0.0217561998617 6.21638603074e-13 2.0049950462)
(0.0175296075101 5.80542050449e-13 1.98810331891)
(0.00244433995819 2.58847657137e-13 1.95281316591)
(0.0046734385702 -1.07642531984e-11 1.83263231877)
(0.148798244356 1.16117701459e-10 9.68627199805)
(0.183192888318 7.87069671102e-11 8.96710512963)
(0.192908485759 6.19369614206e-11 8.08350687216)
(0.172276082932 2.39213531035e-11 7.07176203471)
(0.110582114852 5.31018991545e-11 5.95076829442)
(-0.00208928733436 6.41911481987e-11 4.72579501386)
(-0.0663037364072 6.38613446836e-11 3.55555048701)
(0.0574657231152 1.17238875663e-11 2.56979659449)
(0.104525833272 -6.78035815652e-12 2.23134889304)
(0.100569126168 -3.50217981502e-11 2.11371381427)
(0.0895626941151 -3.3605089059e-11 2.07335452922)
(0.0776679598288 -3.34134646798e-11 2.05870470593)
(0.0654925711886 -1.03533838798e-11 2.05091809329)
(0.0540959107365 -1.31343091042e-11 2.04397766786)
(0.0427559621773 -6.86526842733e-12 2.03584994227)
(0.0338994180948 -9.96652059777e-12 2.02588711803)
(0.02216909973 1.09228944036e-13 2.01258372638)
(0.0174299298345 5.42355064029e-13 1.99545968945)
(0.0030975108617 -3.98003990996e-14 1.95932000443)
(0.00441492036829 -1.04841180614e-11 1.83445637075)
(0.136451154439 1.02063116867e-10 9.54988525067)
(0.169237812336 1.34757113037e-10 8.89770354598)
(0.179692531326 7.46225872861e-11 8.08485689785)
(0.162500702423 4.15593230555e-11 7.14328016177)
(0.108885458689 5.0298594291e-11 6.08995598969)
(0.00719930804228 5.82064492636e-11 4.9288039459)
(-0.0837713983706 5.31246326769e-11 3.75967165951)
(0.0272313478329 1.23969175372e-11 2.68975766678)
(0.109521312378 -4.31445883931e-11 2.28094087128)
(0.109104635409 -3.5184234531e-11 2.13610618085)
(0.0941897741212 -3.24849707527e-11 2.08519511708)
(0.0795900479905 -1.89074097765e-11 2.06737266535)
(0.0663436852597 -2.17587263495e-11 2.05892867713)
(0.0545018639991 -1.31212022826e-11 2.05193944912)
(0.0430484797678 1.67229666283e-13 2.04381790177)
(0.0339873881806 -8.90894656185e-12 2.03380407634)
(0.0224967451928 -3.173124652e-13 2.02045939729)
(0.0172967962865 3.00683843234e-13 2.00309085506)
(0.00367267058577 -8.38251263217e-12 1.96602225245)
(0.00417856389622 -1.03398479123e-11 1.83637475156)
(0.124582655376 5.9696488705e-11 9.42289885747)
(0.155770878232 4.94422161628e-11 8.83368173544)
(0.166902378228 9.61062682074e-11 8.08998437085)
(0.152948547549 1.04579342036e-11 7.22041461214)
(0.106057874906 3.90754727662e-11 6.24154949024)
(0.0134846569105 4.98764871722e-11 5.15626870201)
(-0.0871816601085 4.32601848971e-11 4.01417377598)
(0.00351360831746 1.09181924457e-11 2.91489204395)
(0.116509323438 -3.72110461246e-11 2.37751990065)
(0.11740489097 -3.43403603114e-11 2.17839223241)
(0.0981861124662 -1.4284839764e-11 2.10530846247)
(0.0814061258044 -1.82533325223e-11 2.0795616489)
(0.0673164503279 -2.08806787554e-11 2.0685241315)
(0.0549846112842 -1.31059865088e-11 2.06067152304)
(0.0433250745374 -1.31771913849e-12 2.05223503513)
(0.0340231660052 -8.00829978085e-12 2.04205715217)
(0.0227416279612 -4.48775460777e-13 2.0286346896)
(0.0171267877014 7.92598587184e-14 2.01099368306)
(0.00416526995095 -8.11477143542e-12 1.97291167652)
(0.00395646153409 -1.0299214437e-11 1.83839149608)
(0.115235873496 2.19468363935e-11 9.30142620053)
(0.1461378335 -7.75990534863e-12 8.77030996864)
(0.159734624271 6.13634336564e-11 8.09196995559)
(0.151721557405 7.64786577232e-11 7.29187594395)
(0.11586271227 4.91906010693e-11 6.38653987586)
(0.0416806501681 4.35015808442e-11 5.38255649716)
(-0.05299699641 1.88354490726e-11 4.28492255313)
(-0.0211967860668 -8.26531617339e-11 3.19906264468)
(0.0964840374324 -4.11028484596e-11 2.49516630936)
(0.108553793787 -5.92896591713e-11 2.22927879975)
(0.0932585985811 -1.82912097614e-11 2.12961315954)
(0.0787346243632 -1.82155389507e-11 2.09388960346)
(0.0660178497119 -2.02794500397e-11 2.07927690587)
(0.0543488351977 -1.30550707157e-11 2.07007560474)
(0.0430576050045 -2.19993720594e-12 2.06109265867)
(0.0337986776157 -6.76801389691e-12 2.05064916779)
(0.022829390447 1.00994683268e-11 2.03710683373)
(0.016894575901 2.91389944695e-13 2.01916333456)
(0.00456903487793 -8.01761319575e-12 1.97997871635)
(0.00374357858078 -1.69754289371e-11 1.84050731917)
(0.107014581822 -1.82118880662e-11 9.17673907778)
(0.137452113189 -5.42167232996e-11 8.69735736616)
(0.153034994295 1.35173854817e-11 8.07760268736)
(0.149940466471 1.15082579679e-12 7.33921750532)
(0.123067921376 3.79196781634e-11 6.49688981341)
(0.0640140083283 5.8016762416e-11 5.55563613989)
(-0.0236434999062 1.19012257675e-10 4.50782416126)
(-0.039281321902 -3.24560695622e-11 3.45232638804)
(0.0684942213495 5.44967189091e-12 2.60848339867)
(0.0954560991736 -7.79387626459e-11 2.27609154892)
(0.0861397728955 -5.02402198976e-12 2.15136133987)
(0.0744571329486 -3.11377100536e-11 2.10669910808)
(0.0634793163969 -3.14860955144e-11 2.08924264076)
(0.0528920862173 -1.31884992241e-11 2.07918159103)
(0.0423021861903 1.16513142772e-11 2.06994313421)
(0.0333098752532 -4.77911582473e-12 2.05938869168)
(0.0227514098817 8.95499206198e-12 2.04579816299)
(0.0165959303966 4.569342272e-13 2.02756936592)
(0.00488652688507 -7.84724621085e-12 1.98720526139)
(0.00353935963547 -1.65296333103e-11 1.84271868534)
(0.09845153521 -1.08129402326e-10 9.05066994668)
(0.127595944321 -5.42932096362e-11 8.61745405339)
(0.143832395415 -6.26702512335e-12 8.05055373099)
(0.143579079135 8.07756029521e-12 7.36787284102)
(0.122405951127 3.3530579929e-11 6.58174916121)
(0.0735571437983 5.43504716286e-11 5.69548569701)
(-0.00546280536445 7.37084438017e-11 4.70054087414)
(-0.0468547405047 -4.75218298823e-12 3.67658507677)
(0.0437417682425 9.41176977916e-13 2.7262923247)
(0.087801046508 -6.9080522284e-11 2.32413362965)
(0.0840614435891 -1.10452741426e-11 2.17255952586)
(0.0732221051711 -1.57445306659e-11 2.11840433682)
(0.0624475243284 -3.94759359695e-11 2.09830391453)
(0.0521117526092 -1.41508139212e-11 2.08777398119)
(0.041805102945 8.77952070306e-12 2.07861345023)
(0.0328996213387 -3.22074836041e-12 2.06817109673)
(0.0226568188255 7.98377769786e-12 2.0546553478)
(0.0162915690433 7.77423761723e-13 2.03618727617)
(0.00514576853193 -8.24399727879e-14 1.99457423558)
(0.00335235221168 -1.58678719918e-11 1.84502157999)
(0.0895216359144 -6.90631786294e-11 8.93115877197)
(0.116776842729 -4.48860233455e-11 8.54006076991)
(0.132655679932 -1.25073433846e-11 8.0223676699)
(0.133690006352 8.17169479491e-12 7.39248181659)
(0.115749544795 2.93736954515e-11 6.66062559419)
(0.0728921642862 4.61460604614e-11 5.82892004644)
(6.25137272624e-05 5.10406552264e-11 4.8879583074)
(-0.055054508513 8.0048058564e-12 3.88732266757)
(0.0229796937548 -3.21705922002e-12 2.87977145795)
(0.0884668717508 -6.1143379584e-11 2.39184698441)
(0.0885913744918 -1.5642841962e-11 2.20232948042)
(0.0758620104202 -1.65132872271e-11 2.133432761)
(0.0635942577238 -3.57287874597e-11 2.1086583582)
(0.0525590437796 -1.47541770693e-11 2.09693873912)
(0.0419508010734 6.23649148035e-12 2.08761223393)
(0.0328016892279 -2.03829286995e-12 2.07722022098)
(0.0226755043097 7.1392543283e-12 2.06377118879)
(0.0160454341897 1.24757860379e-12 2.0450524443)
(0.00537987278587 7.61604906044e-12 2.00209107227)
(0.00319333717458 -1.504028205e-11 1.84742058205)
(0.0812755060568 -4.59117226072e-11 8.8225131096)
(0.106729596396 -3.39592274468e-11 8.47022996969)
(0.122211485163 -1.24462964315e-11 7.99892972707)
(0.124423498068 6.93745048496e-12 7.41995614494)
(0.109495643138 2.48994583403e-11 6.74172960561)
(0.0719305455237 3.78323178987e-11 5.96554282554)
(0.00551666882596 3.81789394961e-11 5.08095738883)
(-0.054972007072 1.19892279586e-11 4.10739794736)
(0.00507726433253 -6.32943741978e-12 3.09017673379)
(0.0873290388731 -5.40376735251e-11 2.49005792186)
(0.091824881652 -1.91031477688e-11 2.24593514474)
(0.0777072623002 -1.72894117115e-11 2.15460029546)
(0.0644277292864 -3.2484189751e-11 2.12192449494)
(0.0529725233775 -1.50916947016e-11 2.10763974126)
(0.042144579674 4.00988210323e-12 2.09749459381)
(0.0327601110515 -1.16145316476e-12 2.08683662224)
(0.022710364086 6.58421593386e-12 2.07329757661)
(0.0158241732546 1.65909136128e-12 2.05423514745)
(0.0055829593514 7.20597103122e-12 2.00977834263)
(0.00305839893689 -1.42474987139e-11 1.84992888406)
(0.0743974703859 -2.98112466173e-11 8.72178438704)
(0.0985490565041 -2.39196974448e-11 8.40475767506)
(0.114163410459 -1.04227784037e-11 7.97630806586)
(0.118223820626 5.27669612519e-12 7.44499681417)
(0.107240051026 1.97092359326e-11 6.81750117965)
(0.0763367592079 2.89514503604e-11 6.09452911253)
(0.0196913276272 2.88396938382e-11 5.26688662502)
(-0.0393743536676 1.13785591557e-11 4.32680146325)
(-0.0107472429933 -8.72023984548e-12 3.32924869646)
(0.0738886859375 -4.79742898413e-11 2.60771012983)
(0.0873742501811 -2.14813885866e-11 2.29835162487)
(0.0754304530939 -1.79639118261e-11 2.17970051537)
(0.0629392529558 -3.00535044316e-11 2.13707189865)
(0.0520654374994 -1.52844557436e-11 2.11941660421)
(0.0416156947834 2.1161484342e-12 2.10808796198)
(0.0323498646219 -2.50919597623e-14 2.09697568392)
(0.0225443611304 1.64087886453e-11 2.08323548899)
(0.0155231040479 2.50191414865e-12 2.06374504132)
(0.00571222948231 6.75117421269e-12 2.01763575773)
(0.0029276039621 -1.34858128185e-11 1.85255112106)
(0.0683013858295 4.84852831274e-12 8.62486134141)
(0.0911852026176 2.94073180605e-11 8.33924906706)
(0.106814319049 -4.39109800019e-11 7.94940663066)
(0.112411414908 -1.44926389806e-11 7.46127036734)
(0.104744385782 -1.09939586722e-11 6.87964568213)
(0.0794385733329 -5.60473256313e-11 6.20433728798)
(0.0315414894359 -1.75763941316e-12 5.42643151483)
(-0.0243765806258 2.51508650544e-12 4.52490390509)
(-0.0215970270468 -1.17689540969e-11 3.55834476006)
(0.0557026741792 -4.27583975181e-11 2.73622006344)
(0.0801950177675 -2.29798896314e-11 2.35542881902)
(0.0718769420044 -1.93491293241e-11 2.20613371866)
(0.0604679885583 -4.95777244642e-11 2.15240064928)
(0.0503617332993 -1.72054735254e-11 2.13120568242)
(0.0405206252511 4.04599673691e-13 2.11877523484)
(0.0315835595363 1.30961334101e-12 2.10730592875)
(0.0221488430306 2.53998825233e-11 2.09341972989)
(0.0151103097279 3.91623050612e-12 2.07350370983)
(0.00575016722693 1.39672533316e-11 2.02561935897)
(0.00278926157963 -1.25812018636e-11 1.8552692609)
(0.0623985667795 1.75944274651e-12 8.53254799345)
(0.0838281067492 -6.36141008121e-12 8.27488973929)
(0.0990739450924 -5.18440703879e-11 7.91982425613)
(0.10554481317 -1.10996858913e-10 7.4709057704)
(0.10017735402 -4.84576856333e-11 6.93110373834)
(0.0790250976827 -4.43322324011e-11 6.29919022132)
(0.0380465660912 -1.60965667642e-11 5.56595470542)
(-0.0138127925268 -7.62523568721e-12 4.70794946752)
(-0.0269194905492 -1.44122653796e-11 3.77197474922)
(0.0379518315432 -3.65545151266e-11 2.87868733188)
(0.07368441743 -2.04341065507e-12 2.42012149421)
(0.0697434927927 -1.77404731863e-11 2.23503204231)
(0.0589267565491 -2.32015314474e-11 2.16810860864)
(0.0490948551708 -1.64038353133e-11 2.14288883262)
(0.0395940225897 -9.07333828169e-13 2.12937715083)
(0.0308619101032 2.26404284268e-12 2.11767276545)
(0.0217266401432 2.30782872645e-11 2.10374173938)
(0.0146786328841 4.87665031171e-12 2.08344133226)
(0.0057403489088 5.51912143603e-12 2.03367901808)
(0.00265772672257 -1.18842465272e-11 1.85805669763)
(0.0566268954815 -4.72371855686e-11 8.44814189581)
(0.0764681608573 -9.40348988944e-11 8.21554377125)
(0.0910055729637 -7.38183922272e-11 7.89210782372)
(0.0977973150327 -8.73272243218e-11 7.47932196225)
(0.0939047789 -7.92523223077e-11 6.97848871435)
(0.0757387176191 -1.23434993482e-10 6.38743267193)
(0.0399553798856 -6.15177411114e-11 5.69677751518)
(-0.00815641096201 -7.75913928546e-11 4.88265255841)
(-0.0307791886731 3.42840278293e-11 3.97437214942)
(0.0217105552108 -2.49129650676e-11 3.04016947426)
(0.0686219725351 -3.43420326626e-12 2.4992589642)
(0.0696926296217 1.31504891158e-11 2.27015133928)
(0.0588614879899 -1.87583814133e-11 2.18601733275)
(0.0487079104168 1.90480436929e-12 2.15536824264)
(0.0391853827891 -4.52278188775e-13 2.14034848073)
(0.0304345464579 3.03515205759e-12 2.12829209129)
(0.0214418401534 2.08709894031e-11 2.11429261725)
(0.014324233752 5.65932346578e-12 2.09358604553)
(0.00573785152531 5.0917784801e-12 2.04180816677)
(0.00255493666482 -1.09385173972e-11 1.86090750757)
(0.0512534893014 -4.86174265783e-11 8.37377378209)
(0.0695305958763 -7.00179782132e-11 8.16373153935)
(0.0832457130028 -7.23641170628e-11 7.86918845683)
(0.0900963244021 -7.95113672466e-11 7.48988535147)
(0.0872763667056 -8.23244989126e-11 7.02564101837)
(0.0715439598695 -9.42697153953e-11 6.47337633981)
(0.040033641308 -6.87343918367e-11 5.82333562608)
(-0.0048633286797 -5.44086670493e-11 5.05036613243)
(-0.0330729298984 3.49877044634e-12 4.16434212219)
(0.00733951021346 -1.85979161149e-11 3.22749742464)
(0.0629820077849 -4.3185355966e-12 2.59866331333)
(0.0698540725514 1.02733447059e-11 2.31481121201)
(0.0591117388447 -1.52677440897e-11 2.20776679275)
(0.0485286836395 7.92247234368e-14 2.16950726565)
(0.0389346069532 -1.61250252476e-13 2.15219540516)
(0.0301285470458 3.49659613735e-12 2.13946309772)
(0.0212242983979 1.89747033486e-11 2.12524017265)
(0.0140232113724 6.29316882853e-12 2.104021858)
(0.00574044846201 4.67443828728e-12 2.05003561932)
(0.0024784783677 -1.00577996011e-11 1.86384036979)
(0.0465331515724 -4.37834502246e-11 8.30904211817)
(0.0634313252222 -5.85742735879e-11 8.11921236627)
(0.0764254163955 -6.66269906148e-11 7.85089659369)
(0.0833610249512 -7.33968167206e-11 7.50235896708)
(0.0816010108932 -7.73021416529e-11 7.07207402737)
(0.0682927079177 -7.85194766038e-11 6.55604898733)
(0.0410167181514 -6.14764011136e-11 5.94399069388)
(0.000105789567565 -3.09696874026e-11 5.21010198924)
(-0.030597728077 4.92201514342e-11 4.34937383957)
(-0.00443394143304 -6.01689125935e-12 3.42940126002)
(0.0532102639569 -3.87553505639e-12 2.71734222552)
(0.0675158763982 8.28114334946e-12 2.36936610098)
(0.0582098136605 -1.26349730019e-11 2.23351654507)
(0.0476672452046 -9.63172282143e-13 2.18531901795)
(0.038271645981 -5.33873557087e-13 2.16493154446)
(0.0295952875732 -7.55634298125e-12 2.1512184307)
(0.0208737041092 1.66811882816e-11 2.13662025266)
(0.0136646746453 6.76984406296e-12 2.11477432792)
(0.0056937822567 4.36310652894e-12 2.05836780826)
(0.0024005862151 -9.23949502043e-12 1.86686725788)
(0.0423920970752 -1.55383817778e-10 8.25229906073)
(0.0580457373299 -9.03605333459e-11 8.08041074323)
(0.0703594901185 -7.21736452075e-11 7.83561475664)
(0.0773192933597 -6.51498820527e-11 7.51491673854)
(0.0764622479445 -5.19774956019e-11 7.11555911009)
(0.0653197249175 -1.03383774745e-11 6.63263874502)
(0.0419187920263 -5.64292566931e-11 6.05532340995)
(0.00551177316369 -1.00982142661e-10 5.3580562113)
(-0.0256347579072 -5.84824210484e-11 4.52559468178)
(-0.0129293203323 -1.49926004847e-11 3.62950752826)
(0.0401367314899 -2.20555591497e-12 2.85157595301)
(0.0627653562028 3.71771602085e-11 2.43322528099)
(0.0563617576164 -3.09027301942e-11 2.26282081745)
(0.0461889055774 -2.42549747563e-12 2.20233896274)
(0.0371473523003 1.35081900516e-11 2.17821263046)
(0.0287545420918 -4.14407933671e-12 2.16334425164)
(0.02031738578 2.45472228934e-11 2.14831110523)
(0.0131918350638 7.62408568463e-12 2.12577461209)
(0.00556328330624 4.14699976733e-12 2.06675756529)
(0.0023004280222 -8.48712112102e-12 1.8699665032)
(0.0386086675382 -1.14310314735e-10 8.20302839421)
(0.0530504693517 -1.23559050257e-10 8.04697637957)
(0.0646043277684 -1.72584364815e-10 7.82313048346)
(0.0713800753642 -9.47978336181e-11 7.52744064687)
(0.0710928217782 -5.98374523497e-11 7.15605623063)
(0.0616512213089 -3.71412533704e-11 6.70323608495)
(0.0415121907082 -5.57067012543e-11 6.15769233011)
(0.00946110088224 -7.56876163608e-11 5.49447326526)
(-0.0210721900886 -5.35209227499e-11 4.69169919762)
(-0.0183105402156 -2.14981677493e-11 3.81985046096)
(0.0264343289699 -1.54380874459e-12 2.9991667978)
(0.0567069021782 3.1649023402e-11 2.50763174507)
(0.0544651066813 -2.44812432838e-11 2.29624852768)
(0.0447328969717 -3.31638373435e-12 2.22055515903)
(0.0359493771789 1.10783488289e-11 2.19188446693)
(0.0278279570256 -1.41467163536e-12 2.17569411819)
(0.0196751013629 2.19942758034e-11 2.16020129489)
(0.012662097468 8.10536233142e-12 2.13694093139)
(0.0053764564675 3.96183889858e-12 2.07513956079)
(0.00218650607346 -7.78908178995e-12 1.87309703383)
(0.0350634590305 -2.46961176075e-10 8.16195046095)
(0.0482964849779 -1.61217498694e-10 8.01986071357)
(0.0589855992396 -1.36062051098e-10 7.81465450888)
(0.0653573897008 -9.04850007968e-11 7.54142741292)
(0.0653329410372 -4.59507516483e-11 7.19540418279)
(0.0572165148423 1.23432030032e-11 6.77011447023)
(0.0398746542776 -3.67027827769e-11 6.25386819529)
(0.0118795123532 -6.28846004334e-11 5.62226208763)
(-0.0175822794793 -7.12567453524e-11 4.84904465089)
(-0.0218828468841 -1.12240452141e-10 3.99926355023)
(0.0135372308731 -9.61462538766e-12 3.15820485827)
(0.0497325215061 6.00948078014e-11 2.59528343055)
(0.0528516806524 -1.66846984101e-11 2.33556008217)
(0.0436685675128 -2.8790283107e-12 2.24063490077)
(0.0349577605948 2.30258089855e-11 2.20618521718)
(0.0270160280502 1.72572551119e-12 2.18835592934)
(0.0190843054104 1.90094767872e-11 2.17231376259)
(0.0121612252028 -8.56302744032e-12 2.14826227772)
(0.00518424053679 3.19483226613e-12 2.08348411427)
(0.00208085599993 -6.47518201836e-12 1.87623625159)
(0.0317355404956 -1.41624926002e-10 8.12977761508)
(0.043767105745 -1.44868426225e-10 7.99997944079)
(0.053509378863 -1.47552044183e-10 7.81133240427)
(0.0593163421999 -1.68555094683e-10 7.55826706999)
(0.0593612696404 -7.92384319693e-11 7.23524937999)
(0.0523573486411 -3.25327658213e-11 6.83516212928)
(0.0375203397966 -4.19904666225e-11 6.34585107933)
(0.0132630238729 -5.86365344182e-11 5.74305840562)
(-0.0148536148798 -6.99709772896e-11 4.99759714953)
(-0.0241884138652 -7.98053684006e-11 4.16559882402)
(0.00226081754666 -1.2582305198e-11 3.32765355311)
(0.0416291177247 4.80774691278e-11 2.69864132078)
(0.0510648195932 -1.05142234476e-11 2.38287948705)
(0.0428534183238 -2.96552289841e-12 2.26348331935)
(0.0341155986131 5.74914164637e-12 2.22149041286)
(0.02630379825 2.69196991452e-12 2.20152101284)
(0.0185551565357 1.65020020502e-11 2.18475145959)
(0.0117058229559 -6.76028297942e-12 2.15978508318)
(0.00500225899863 2.53958916875e-12 2.09180336176)
(0.00198992629894 -5.34984488254e-12 1.87939376264)
(0.0286081998964 -1.60830934646e-10 8.1065514581)
(0.0394546253741 -2.50646863626e-10 7.98752733321)
(0.0482066984043 -1.74810909076e-10 7.81352440149)
(0.0533753261986 -1.43437506544e-10 7.57847444253)
(0.0534348387069 -9.74931654406e-11 7.27622486428)
(0.0474921438582 -7.68986737716e-11 6.89904881992)
(0.0350037038991 -1.10900866268e-10 6.43420029329)
(0.014152077084 -7.69558951229e-11 5.85717335621)
(-0.0123728779452 -6.86424954549e-11 5.13827504007)
(-0.0252836736348 -5.94271302506e-11 4.32456725594)
(-0.00686604920945 -7.35465250435e-12 3.50027553004)
(0.0320181523469 7.65473217457e-11 2.81779021008)
(0.0482401727797 2.1266170415e-11 2.43989626296)
(0.041913723766 -8.32836611552e-13 2.28984634092)
(0.0332062446238 3.62305683246e-12 2.23803657073)
(0.0255477609874 -1.98585755543e-11 2.21529259461)
(0.0180020416293 1.27633500951e-11 2.19757426666)
(0.0112469479691 -5.39950040449e-12 2.17154058241)
(0.0048051042846 1.98972326432e-12 2.10011209935)
(0.00189977986536 -4.39788029135e-12 1.88258730446)
(0.0256104527083 -1.30631456463e-10 8.09168680236)
(0.0352808366014 -1.75519988409e-10 7.98204437233)
(0.0430286380624 -1.82668632192e-10 7.82090341464)
(0.0475605247787 -2.0966622067e-10 7.60183612886)
(0.0476817542016 -1.32480595839e-10 7.31818346306)
(0.0428392637238 -1.00363826938e-10 6.96162905402)
(0.0325891284831 -9.84177681048e-11 6.51876818152)
(0.0147515999966 -8.27872023218e-11 5.96482862275)
(-0.0101821462255 -7.18201684097e-11 5.27071955328)
(-0.0258545617686 -6.24164345952e-11 4.47693752872)
(-0.0144162934848 -5.91481256125e-11 3.66974908974)
(0.0210660173548 5.4684849949e-11 2.95020475814)
(0.0438605222948 2.33186126256e-11 2.50788616342)
(0.0406874819182 4.59441968043e-13 2.32041301115)
(0.032149846922 -1.31685995085e-11 2.25593738072)
(0.0246697840771 -4.02454058977e-11 2.22966045212)
(0.017365160016 8.06680008377e-12 2.21076113438)
(0.0107422951461 -4.40325958772e-12 2.18350815345)
(0.00456666082799 1.43704335759e-12 2.10839719041)
(0.00179574476369 -3.59477257422e-12 1.8858139176)
(0.0226526368037 -1.51988483123e-11 8.08436013462)
(0.0311516561843 -4.98811371654e-11 7.98283482904)
(0.0379163548675 -5.27613136904e-12 7.83291657216)
(0.0418833852475 -3.79530455097e-11 7.62792816127)
(0.0421896929575 -9.18909748375e-11 7.36078599552)
(0.0385368730347 -1.08411220185e-10 7.02258984867)
(0.0303681113169 -1.36595479583e-10 6.59923438359)
(0.0147679229786 -2.12855226887e-10 6.06570242885)
(-0.00903944806776 -1.90803344681e-10 5.3939426379)
(-0.0267850311221 -8.68640169949e-11 4.62084549655)
(-0.021029120045 -3.81416614463e-11 3.83011360872)
(0.00952134890186 7.56637396088e-11 3.09326527522)
(0.0378460385913 2.80638333381e-11 2.58819777406)
(0.0391615423937 2.04693354911e-11 2.35619584733)
(0.0310085156806 1.66077654474e-11 2.27539093927)
(0.0236934855585 -3.30298991202e-11 2.24461050225)
(0.0166528316876 4.64399864261e-12 2.22426623029)
(0.0101929971407 -4.22374688318e-12 2.1956401133)
(0.00428720468484 -1.36846592195e-11 2.116624078)
(0.00167758071117 -2.63734031835e-12 1.88904696329)
(0.0197085486881 -1.34066142073e-10 8.08368087426)
(0.0270716244675 -2.85531984614e-11 7.98914315275)
(0.0329371912147 -1.43510926784e-10 7.84896042452)
(0.0364875551871 -1.58724545136e-10 7.65628045177)
(0.0371623948101 -1.23296204006e-10 7.40363654125)
(0.0348210273577 -1.22159878305e-10 7.08151512222)
(0.0285585869313 -1.3910045599e-10 6.67504501133)
(0.0142681610221 -1.62901698212e-10 6.15913843799)
(-0.00924453641966 -1.32545035276e-10 5.50713613343)
(-0.0283831532747 -3.03629284535e-11 4.75446973796)
(-0.0266544514766 -5.97505969364e-11 3.97844180155)
(-0.00147309677048 8.04135205834e-11 3.24396371716)
(0.0301860226914 6.32600526394e-12 2.68184852411)
(0.0371047640358 1.07796190029e-12 2.39856582084)
(0.0297994464856 1.28560438986e-11 2.29675816697)
(0.0226442996343 -2.61054639878e-11 2.26018003915)
(0.0158881110868 2.14060756125e-11 2.2380614602)
(0.00961787737393 -3.08803926455e-12 2.20789266334)
(0.00398315474477 -1.27106386363e-11 2.12475537506)
(0.00155587225843 -1.9104093558e-12 1.8922509241)
(0.01684238517 5.95848646376e-12 8.08891115452)
(0.0231497514427 6.44314692135e-11 8.00036927542)
(0.028248324305 -5.43255959258e-11 7.86858831311)
(0.0315521375079 -1.02571769727e-10 7.68657770788)
(0.0327375551847 -1.08708485237e-10 7.44649350177)
(0.0317205776729 -1.0662481082e-10 7.13816462496)
(0.0271888590907 -9.4021299152e-11 6.74592799906)
(0.014028766107 -3.72786021637e-11 6.24503597998)
(-0.00939397577483 -7.5025214308e-11 5.61112545593)
(-0.0297224002683 -4.06367906136e-11 4.87856066936)
(-0.031074696937 -2.80904339672e-11 4.11861886935)
(-0.0110513774267 5.072575441e-11 3.39561325948)
(0.0210595557644 1.15450465893e-11 2.7884518568)
(0.0342153829028 2.41936044194e-12 2.44912110982)
(0.02856775096 1.00602455832e-11 2.3205764889)
(0.0215690193076 -2.07424533581e-11 2.27645216788)
(0.0151018871049 1.69839366327e-11 2.25213707319)
(0.00903944974335 -2.84723005384e-12 2.22023263702)
(0.00367495494742 -2.6212002942e-11 2.13275618931)
(0.00144421205536 -1.07975993057e-12 1.89539243465)
(0.0142287612274 -2.44241112845e-12 8.09982542444)
(0.0196280919734 -7.21875906124e-12 8.01642840102)
(0.0241382544828 -4.6074168848e-11 7.89187885293)
(0.0273690658969 -7.65796926741e-11 7.7190576488)
(0.0291485966045 -8.94549317341e-11 7.48973888304)
(0.0293451855766 -9.01396432036e-11 7.1930880764)
(0.0262714259818 -7.9526207195e-11 6.81274071535)
(0.014287180005 -5.7107117367e-11 6.32466780987)
(-0.00883649434659 -5.6921684029e-11 5.70756699093)
(-0.0303197296124 -3.66839621371e-11 4.99462578879)
(-0.0345220764955 -1.43429254773e-11 4.25210684574)
(-0.0191429691721 3.15160236457e-11 3.54223939477)
(0.0110606309409 1.3453741295e-11 2.90724707566)
(0.0303657918764 2.43588543909e-12 2.50991666351)
(0.0274291324075 -2.03738809631e-11 2.34775874146)
(0.0205544126246 -1.8620432445e-11 2.29361778155)
(0.0143379590322 1.33521798902e-11 2.2665237755)
(0.00848180991996 -2.76894220352e-12 2.23264545007)
(0.00338230786959 -2.40719378394e-11 2.14059154708)
(0.00135465390718 -5.41246631337e-13 1.89844363901)
(0.0121075946183 -1.37968545965e-11 8.11622761952)
(0.0168336982611 -2.509456672e-11 8.03724012932)
(0.0209932496204 -4.45803258802e-11 7.91888550815)
(0.0243493746406 -6.31447530202e-11 7.75390547488)
(0.0268087481217 -7.42520116746e-11 7.53368160273)
(0.0281014004715 -7.65052831956e-11 7.24673503473)
(0.0261065483734 -7.0099862629e-11 6.87613186203)
(0.0147377949991 -5.73961130749e-11 6.39885291257)
(-0.00839975475113 -4.72255643062e-11 5.79697076568)
(-0.0308757107275 -3.0271600531e-11 5.10304126979)
(-0.0375326093412 -8.58467172241e-12 4.37813263233)
(-0.0258297757139 1.96053558695e-11 3.67891230854)
(0.000946070564502 1.32262881366e-11 3.03770881856)
(0.0251665412499 2.35338846166e-12 2.58303113117)
(0.0261532871417 -1.94763586884e-11 2.37957855904)
(0.0195338227867 -3.98293563115e-11 2.31196250533)
(0.0135540814464 8.82160570017e-12 2.28127905254)
(0.00792028949461 -2.32020777012e-12 2.24512152263)
(0.00309968294336 -7.80913998228e-12 2.14820801539)
(0.00128738125092 3.48017878275e-13 1.90137278227)
(0.0106792777205 -1.70776631702e-11 8.13755111654)
(0.015020837348 -2.74567825706e-11 8.0623049865)
(0.0190943048945 -4.00846034146e-11 7.94917856405)
(0.0227743345194 -5.19962790724e-11 7.7907451253)
(0.0259827297135 -6.00897856665e-11 7.57797182313)
(0.0282075342501 -6.08191220248e-11 7.29875058004)
(0.0267191712431 -5.11437971838e-11 6.93568202226)
(0.0150108729475 -2.52999752446e-11 6.46702491963)
(-0.00870842612337 3.12606436902e-11 5.87864665363)
(-0.0319309653323 -3.74736797993e-12 5.20329898272)
(-0.040449535657 -4.51802212295e-13 4.49635807769)
(-0.0315435841323 1.42964841169e-11 3.80877286573)
(-0.00866369993221 1.23275366723e-11 3.1735050957)
(0.0181736600196 4.03650737602e-12 2.66908674958)
(0.0243198100466 9.73605959453e-12 2.41743823811)
(0.0184124954175 -3.39104696941e-11 2.33178257043)
(0.0126771949311 5.2617077796e-12 2.29642644661)
(0.00730312625885 -2.10612404698e-12 2.25761143504)
(0.00280450911615 -7.30070308172e-12 2.1554977522)
(0.00123408475455 8.51571834015e-13 1.90412293123)
(0.0100431181797 1.38665967796e-10 8.16234515076)
(0.0143260391706 6.92686859635e-11 8.09016879381)
(0.0186067578088 5.95778518718e-11 7.98127408928)
(0.0228379558122 1.06628661538e-10 7.82801357329)
(0.0268643274926 -3.61275188023e-12 7.62089441436)
(0.0296026165806 -6.61858546447e-11 7.34718059222)
(0.0270875708932 -1.28629612626e-10 6.98918231212)
(0.0134334693214 -7.7001667779e-11 6.52687777993)
(-0.0111109065799 -7.53947900611e-11 5.9504998497)
(-0.0343987352793 -1.64541677674e-11 5.2940411695)
(-0.0439387624971 1.87520085192e-11 4.60609958189)
(-0.037130157032 7.6177193915e-11 3.93246143473)
(-0.0177121622084 2.34084417998e-11 3.30713079075)
(0.00949201757773 6.74138293596e-12 2.76836029228)
(0.0216880903143 6.65930009422e-12 2.4630707868)
(0.0172453714405 -5.26883879787e-11 2.35350408962)
(0.0117108585148 -1.72590168887e-11 2.31198550581)
(0.00661871144871 -3.20245165121e-12 2.27002413756)
(0.00249467148583 -7.35778891478e-12 2.16229206014)
(0.00119448440854 -1.07667211348e-11 1.90661094871)
(0.0101337888629 -1.72795397196e-10 8.18899871842)
(0.0146228814512 -1.67621051417e-10 8.11916184547)
(0.0193173299733 -1.10294210842e-10 8.01339777842)
(0.0241976810392 -1.47056880457e-10 7.86376621378)
(0.0289393258843 -8.46101054763e-11 7.66025365358)
(0.0317405485327 -8.21040995716e-11 7.38954154145)
(0.0274163982858 -9.35696055394e-11 7.03431819077)
(0.0111454200196 -8.02756406651e-11 6.57708589229)
(-0.0143988143855 -7.18258207135e-11 6.01239623334)
(-0.0375133198409 -6.60482002033e-11 5.37511810703)
(-0.0476465816609 5.18016748703e-12 4.70715881966)
(-0.0425659522133 4.50163612414e-11 4.04910281567)
(-0.0258063311386 2.52149943812e-11 3.4325566895)
(-0.000121557529357 1.21269231133e-11 2.88098124894)
(0.0179229049838 3.26712238097e-11 2.51845725119)
(0.0159698083719 -4.55424450713e-11 2.37776768381)
(0.0106259428791 -1.84988753299e-11 2.3280030702)
(0.00585342181678 -4.85716067502e-12 2.28223683862)
(0.00217304303767 -2.14078391756e-11 2.16837714461)
(0.00117115901781 -9.49117522347e-12 1.90874880386)
(0.0108656733453 -1.7429606016e-10 8.21602460714)
(0.0158000019548 -6.31614833612e-11 8.1477468986)
(0.0210787896306 -8.51365199589e-11 8.04394670771)
(0.0266012429598 -9.83763883823e-11 7.89634070433)
(0.0316068495154 -9.22247118129e-11 7.69439590204)
(0.0333359688701 -9.51196534826e-11 7.42437420754)
(0.0266020994432 -1.09908922918e-10 7.06988842147)
(0.0079749899581 -1.40411410121e-10 6.61683297694)
(-0.0183213306707 -7.22453106484e-11 6.06488603371)
(-0.0410392728641 -1.81916683586e-11 5.44709959369)
(-0.0514131192945 6.97982626287e-11 4.79991555942)
(-0.0476794900817 3.27443697359e-11 4.15877015558)
(-0.0329054947529 -1.93954004021e-11 3.55213956208)
(-0.0097714846581 8.79422846927e-12 3.00162326749)
(0.0125826872146 2.56179991866e-11 2.58491220636)
(0.0144784979875 -3.96240513124e-11 2.40542965065)
(0.00943579406386 -1.9113838018e-11 2.34454442403)
(0.00501710126149 -6.3101725793e-12 2.29408229068)
(0.00185116361882 -1.99250102977e-11 2.17351222393)
(0.00116584948764 -8.52328866752e-12 1.91046537664)
(0.0123051461615 -6.78793434136e-11 8.24131649549)
(0.0179339615303 -9.71465276244e-11 8.17371245316)
(0.0239565699205 -1.40835544093e-10 8.07056069281)
(0.0300215865534 -2.12451970912e-10 7.92319201008)
(0.0345973205745 -1.35351075077e-10 7.72061923449)
(0.0339553824153 -9.66646737998e-11 7.44922630988)
(0.0237244511971 -6.70730192423e-11 7.09432875506)
(0.00274989691073 -1.72065876804e-11 6.64526983987)
(-0.023500177636 -1.47911990621e-11 6.10738057736)
(-0.0450755739244 2.91312515381e-11 5.509991114)
(-0.0550752296804 1.07274311749e-10 4.88452827282)
(-0.0522122965145 4.53506443684e-11 4.26167205504)
(-0.0390312556857 1.02612434647e-11 3.66701290375)
(-0.0185047833707 4.01402375531e-11 3.12192752325)
(0.00582459790277 -5.45884082395e-12 2.66566614152)
(0.0128245430515 -3.63973931904e-11 2.43802874186)
(0.00826505846239 -1.93898050189e-11 2.36180823309)
(0.00416583965227 -7.55798932035e-12 2.30538904451)
(0.00155431443521 -1.85304274434e-11 2.17748574602)
(0.00117478148897 -7.86327507359e-12 1.91174449721)
(0.0135768961232 4.82793569646e-11 8.25666473607)
(0.0197756277036 1.15905692026e-10 8.18833319651)
(0.0261338127029 -1.88576405161e-12 8.0837710526)
(0.0317040953413 -5.30088505945e-11 7.9339446017)
(0.0341618325348 -3.70537672386e-11 7.72775610225)
(0.029979746345 1.56455008906e-11 7.4525918254)
(0.0162802930305 -8.66818285856e-12 7.09656435286)
(-0.00606962416574 -3.2380332775e-12 6.65269103433)
(-0.0307779015402 9.04244164233e-12 6.13215433822)
(-0.049810277204 3.5772394001e-11 5.55849171364)
(-0.0581676287618 6.28991684029e-11 4.95813669544)
(-0.0551487349344 4.2151023753e-11 4.35707366439)
(-0.0429502387641 2.12006133671e-11 3.77784644426)
(-0.024567966321 2.36268021043e-11 3.23980676066)
(-0.000911956222008 -3.17024926243e-11 2.76235040128)
(0.0110274902266 -3.5443936377e-11 2.47846283832)
(0.0071347257275 -1.95977227164e-11 2.38032771521)
(0.00325433808694 -8.61574145627e-12 2.31600559046)
(0.00122676066089 -1.71900614378e-11 2.18014098139)
(0.00113911417969 -7.47655223459e-12 1.91254137656)
(0.00696038236232 9.7888995146e-11 8.27537567186)
(0.0100121504835 -2.76961351196e-11 8.2057663428)
(0.0129609804162 -1.75294275337e-10 8.09913119878)
(0.0150780447675 -1.6719557523e-10 7.94642867039)
(0.014966753049 -4.56244512388e-11 7.73728535651)
(0.0111252774627 5.67503506631e-11 7.46100640392)
(0.00267835541001 3.2468838901e-11 7.10890135532)
(-0.00941874832114 3.367481283e-11 6.67871917844)
(-0.0219350290216 5.7610649191e-11 6.18077122051)
(-0.031283878888 1.11755391145e-10 5.63232316602)
(-0.0352656148604 6.57927756644e-11 5.05483700248)
(-0.0335258161657 2.96244330804e-11 4.47063181605)
(-0.0270661483988 -1.79447081548e-11 3.90053486018)
(-0.0174398834957 -1.04235786444e-12 3.36294191603)
(-0.00358366231787 -5.60106993227e-11 2.87230873708)
(0.00662316816353 -6.00645376468e-11 2.52884641654)
(0.00392145418128 -3.93939748883e-11 2.40072615688)
(0.00163780177607 -1.03561458169e-11 2.32688678741)
(0.000625011829479 -1.61441613023e-11 2.18292437444)
(0.000661012778634 -9.7145840468e-12 1.91461735156)
(0.0784254907577 -4.66286720726e-13 0.729308930643)
(-0.0901708896552 -1.06622431155e-12 -0.275370044844)
(0.184550536003 -1.42566892742e-12 0.787252958298)
(0.146792102891 -1.3441486511e-12 -0.1190203772)
(0.206148122332 -1.85488841982e-12 0.866697341707)
(0.167619733066 -1.64811624064e-12 0.0917929079641)
(0.178623788131 -2.02126018284e-12 0.950741702424)
(0.122753348553 -1.74716873411e-12 0.269942093426)
(0.138941458656 -2.05775838516e-12 1.03337693478)
(0.086364665243 -1.77440539273e-12 0.445017611816)
(0.103611522841 -2.03995080011e-12 1.10632235208)
(0.0611936231606 -1.77085540054e-12 0.593506004546)
(0.075803847179 -2.00001607519e-12 1.16433713035)
(0.0442096662932 -1.75034829969e-12 0.706713937601)
(0.0546217014881 -1.95218028147e-12 1.20831425559)
(0.0325297404311 -1.72033005975e-12 0.790608215742)
(0.0387206886885 -1.92551888334e-12 1.24151537139)
(0.0243468986087 -1.69002610453e-12 0.853298056321)
(0.0269582335358 -2.19960856237e-12 1.26675754351)
(0.0185521289673 -1.70622428969e-12 0.900572829291)
(0.0183588902579 -2.37670416241e-12 1.28596978684)
(0.0143947314343 -1.73831438939e-12 0.936162310606)
(0.0121118142769 -2.25489397797e-12 1.30053533042)
(0.0113470522436 -1.74096532472e-12 0.962705266732)
(0.00759159480842 -2.14919616907e-12 1.31152799605)
(0.00905077852247 -1.72520259747e-12 0.982228431113)
(0.00434148432939 -2.05859941453e-12 1.31978916839)
(0.0072722058724 -1.69816197281e-12 0.996306096724)
(0.00203339325874 -1.98997875922e-12 1.32596654584)
(0.00586101876195 -1.66525120293e-12 1.006154683)
(0.000430644235259 -2.12903412849e-12 1.3305577834)
(0.00471997251519 -1.65297903485e-12 1.01272559241)
(-0.000638939408329 -2.24586015853e-12 1.33395150822)
(0.00378548519622 -1.65470807643e-12 1.01678241176)
(-0.00130165493669 -2.34560578434e-12 1.33645660625)
(0.00301572771232 -1.66614131968e-12 1.01895441848)
(-0.00164830244798 -2.4319475273e-12 1.33832145675)
(0.00238467028788 -1.68512971011e-12 1.01977223453)
(-0.00175307021816 -2.59446330712e-12 1.33970156037)
(0.0018709646459 -1.77515854303e-12 1.0197443532)
(-0.00168791601466 -8.00410592432e-12 1.34077194805)
(0.00145245988826 -8.5283836549e-12 1.019237937)
(-0.0015085676444 -7.75196175105e-12 1.34173305071)
(0.00111314623636 -7.86201788476e-12 1.01849765246)
(-0.00125009678989 -2.75332379503e-12 1.34274063098)
(0.000844287948875 -8.11823096099e-13 1.01774619113)
(-0.000936555419617 -3.10201343644e-12 1.34391554541)
(0.000639953856453 -1.11486840796e-12 1.01717696214)
(-0.000581029345602 -3.47009653841e-12 1.34534520539)
(0.000497572896086 -1.39549792086e-12 1.01696717668)
(-0.000204481053791 -3.79987124713e-12 1.34700387344)
(0.000409316673617 -1.67369351993e-12 1.01736984169)
(0.000161259285155 -4.10362592649e-12 1.34895129311)
(0.000361306607291 -1.96441250188e-12 1.01845530757)
(0.00049480874903 -4.3850022342e-12 1.35122572839)
(0.000342597686713 -2.25951242887e-12 1.02025591268)
(0.000783500643706 -4.6405134245e-12 1.35384160882)
(0.000344462062507 -2.54501100345e-12 1.022759754)
(0.0010217374968 -4.87626948753e-12 1.35679289625)
(0.000359658141544 -2.8128332833e-12 1.025919346)
(0.00120985971929 -4.99236023675e-12 1.36006131363)
(0.000382538559059 -2.98398984743e-12 1.02966696243)
(0.0013517398282 4.29265202184e-12 1.36362196156)
(0.000408650127304 9.09854516596e-12 1.03392729367)
(0.00145399381082 2.76128732806e-12 1.36744703329)
(0.000434824651392 7.2539417503e-12 1.03862587199)
(0.00152696406937 1.3666502233e-12 1.37151504213)
(0.000460069812279 5.49277360445e-12 1.04370022423)
(0.00158164428885 1.04743856408e-13 1.37582066339)
(0.00048483094586 3.90180148976e-12 1.04911269879)
(0.00162211174123 -1.02194778831e-12 1.38036636778)
(0.000507900068303 2.49124275207e-12 1.0548468054)
(0.00164421689423 -2.00467971933e-12 1.38513627911)
(0.000525302421947 1.24892516691e-12 1.06088041859)
(0.00164598151916 -2.82363459536e-12 1.3900869161)
(0.000534239368956 1.68035212887e-13 1.06716722329)
(0.00163624127795 -3.43446048113e-12 1.39517722755)
(0.00053708039023 -7.06747141639e-13 1.07365917635)
(0.00162714315271 5.62775740744e-12 1.40040309847)
(0.000538688890579 9.96532888458e-12 1.08034543454)
(0.00161957031064 3.95792406979e-12 1.40578499512)
(0.000539910379837 7.59051665786e-12 1.08724875552)
(0.00160216067661 2.53686085014e-12 1.41131711243)
(0.000536231543897 5.55236111498e-12 1.09437255476)
(0.00156585084937 1.32709563942e-12 1.41694198338)
(0.000523600037951 3.88041142786e-12 1.10166324934)
(0.00151439750187 4.28169100874e-13 1.42258441901)
(0.000503525349386 2.59077084e-12 1.10903736617)
(0.00145754058471 1.78875184875e-11 1.42820045451)
(0.00048082860874 2.36470764397e-11 1.11643593082)
(0.00139780613967 1.45593070629e-11 1.43377986395)
(0.000457799503016 1.85467378493e-11 1.12383342416)
(0.00132854127955 1.16334594853e-11 1.43930470426)
(0.000432555056919 1.45971288261e-11 1.13119276943)
(0.00124357215007 9.26110334004e-12 1.44472036609)
(0.000402677377507 1.15213535775e-11 1.13842854673)
(0.00114512929597 2.4744247901e-11 1.44995219988)
(0.0003686264496 2.97367590902e-11 1.14542449014)
(0.00104271516904 2.00317456338e-11 1.45494545141)
(0.000333475338628 2.35578164831e-11 1.1520866822)
(0.000948701175025 3.28621532568e-11 1.45969356529)
(0.00030107867005 3.82020351059e-11 1.15838743031)
(0.000874947063628 2.63419703934e-11 1.46424956491)
(0.000274735470952 3.03091066825e-11 1.16438925823)
(0.000827784197553 2.09500945479e-11 1.46870988863)
(0.000255123968351 2.38161695624e-11 1.17023667021)
(0.000807882500054 1.66118461919e-11 1.47318056372)
(0.000240313980954 1.86596814743e-11 1.17612424336)
(0.000815591506166 2.68572395677e-11 1.47776539086)
(0.000228674223368 3.26276093018e-11 1.1822768987)
(0.000849265702552 1.87241282512e-11 1.48257552511)
(0.000219567152814 2.36038510433e-11 1.18894872774)
(0.000901993125953 1.24881334279e-11 1.48771520754)
(0.000211952096475 1.64683940861e-11 1.19639051066)
(0.000958659855766 7.72869806642e-12 1.49327280995)
(0.000202823839124 1.09515547853e-11 1.20480133464)
(0.000987012124139 3.99627283398e-12 1.49911589782)
(0.000191116023885 6.65404840563e-12 1.21407727612)
(0.000516483836977 -2.92455435683e-11 1.50634233305)
(5.72184897082e-05 -3.19870651148e-11 1.22541006624)
)
;

boundaryField
{
    inletfuel
    {
        type            fixedValue;
        value           uniform (0 0 25);
    }
    inletair
    {
        type            fixedValue;
        value           uniform (0 0 2);
    }
    outlet
    {
        type            zeroGradient;
    }
    axis
    {
        type            empty;
    }
    leftside
    {
        type            fixedValue;
        value           uniform (0 0 0);
    }
    burnerwall
    {
        type            fixedValue;
        value           uniform (0 0 0);
    }
    front
    {
        type            wedge;
    }
    back
    {
        type            wedge;
    }
}


// ************************************************************************* //
