/*--------------------------------*- C++ -*----------------------------------*\
| =========                 |                                                 |
| \\      /  F ield         | OpenFOAM: The Open Source CFD Toolbox           |
|  \\    /   O peration     | Version:  2.2.x                                 |
|   \\  /    A nd           | Web:      www.OpenFOAM.org                      |
|    \\/     M anipulation  |                                                 |
\*---------------------------------------------------------------------------*/
FoamFile
{
    version     2.0;
    format      ascii;
    class       volVectorField;
    location    "1000";
    object      U;
}
// * * * * * * * * * * * * * * * * * * * * * * * * * * * * * * * * * * * * * //

dimensions      [0 1 -1 0 0 0 0];

internalField   nonuniform List<vector> 
1629
(
(0.103058591834 0 61.8568607756)
(-3.52306612745 0 61.7714338259)
(7.35466596509 0 57.2777975546)
(0.721760730358 3.22850847544e-16 64.2723030238)
(-2.96812632227 1.49090761276e-15 63.4430753841)
(4.3528764449 2.93993902638e-16 56.8223525839)
(0.831349282533 1.89521489189e-15 66.037010899)
(-2.74277727072 9.21266335418e-15 64.6030868006)
(3.26394878724 6.07693947854e-14 56.8624780419)
(0.897941683584 8.72234420014e-14 67.0245152254)
(-1.70400455783 7.28423389325e-13 64.7385911889)
(2.92770732356 9.51879330566e-12 52.3602405625)
(0.670599900753 1.99940492403e-13 66.6447815465)
(-1.13276436424 1.14005866588e-12 63.3343382993)
(1.90153862817 6.13704204732e-12 49.0670196079)
(0.489727963261 -4.97140756106e-14 66.1977547951)
(-0.532205410412 1.27386283788e-12 61.8661007002)
(1.39187825554 3.93363809146e-12 46.9524377191)
(0.33166789047 -1.38859494769e-10 65.3693907975)
(-0.139284561211 -3.95286488724e-12 60.0181117013)
(1.02271684706 3.01118465555e-11 45.1811051401)
(0.239879458 -2.26799957237e-10 64.184956742)
(0.126368338292 -2.20043905161e-11 57.9504762828)
(0.803108276374 1.79438214285e-11 43.8010009134)
(0.204479654842 -1.44008038715e-10 62.5806237935)
(0.291961483522 -3.17378478666e-11 55.7348779498)
(0.675614294517 3.07967517256e-12 42.6541078433)
(0.206489023819 -9.20692566356e-11 60.4930744553)
(0.387064124578 -3.04845066551e-11 53.4311800464)
(0.60719700122 6.57215705939e-12 41.6074672701)
(0.224593907993 -5.01750841812e-11 57.915571678)
(0.436056322148 -2.1947652599e-11 51.080268869)
(0.574201227026 1.64221341435e-11 40.564986466)
(0.240820982033 -2.36852790028e-11 54.9189212233)
(0.4545601369 -1.06052020154e-11 48.6916960182)
(0.558552269541 2.3038504508e-11 39.4612909964)
(0.246120883195 -9.98257117746e-12 51.6427208114)
(0.453083170548 -2.51709923941e-12 46.2594255354)
(0.549806858873 1.95916013157e-11 38.2600234536)
(0.239174184664 -2.31701038424e-10 48.2483536582)
(0.437253580167 -4.33687809044e-11 43.7789879492)
(0.53949291775 1.41564980445e-12 36.9378442703)
(0.223126183627 -2.09627214431e-11 44.8828970914)
(0.410786084003 8.0289121883e-11 41.2718069577)
(0.521901025781 1.88515233863e-11 35.4975128574)
(0.202529896065 7.4005651425e-12 41.6525416009)
(0.37796871237 3.51233334494e-11 38.7794087742)
(0.496360004766 -1.46105832196e-12 33.9629980285)
(0.180691927011 3.8486766744e-12 38.6183196974)
(0.342144415606 7.13199844251e-12 36.3471896657)
(0.463881378046 -1.40325723188e-11 32.3681055246)
(0.159855350023 -1.96540273459e-12 35.8077812502)
(0.306623000477 -6.5951312733e-12 34.0142352278)
(0.427970798735 -2.27116313892e-11 30.7500028364)
(0.140801020564 -7.94778782582e-12 33.2213502653)
(0.27291200307 -1.98765543486e-11 31.8015560488)
(0.390668151277 -4.42346906555e-11 29.1349314061)
(0.123292556587 1.52200237521e-10 30.8554527489)
(0.240859750415 1.23007369317e-10 29.7268646603)
(0.352005488811 1.37717449981e-11 27.5523393807)
(0.107438263937 8.13203132499e-11 28.7064400858)
(0.211125848427 1.71836721897e-10 27.8051153558)
(0.313760615052 6.12881001068e-11 26.0323973238)
(0.0933244292543 -1.26698401761e-10 26.7627251997)
(0.184213309234 6.03912871905e-12 26.0394812695)
(0.277526000074 7.70266441436e-12 24.5932583269)
(0.0811098706959 2.14136938401e-11 25.0076517811)
(0.160682679536 5.62395048964e-11 24.4246229009)
(0.244891566846 1.52985094426e-11 23.2429869416)
(0.0705613018698 1.65540995476e-11 23.4183995652)
(0.140200305372 3.03586763424e-11 22.94611939)
(0.215802742687 1.57254862923e-11 21.9782156487)
(0.0611451312761 4.88949644377e-12 21.9802884167)
(0.121766157786 7.28964299291e-12 21.5957697801)
(0.188955541903 -2.90799925442e-12 20.8002856964)
(0.0527773328854 5.32757159674e-12 20.6846804386)
(0.105290668496 1.10448922412e-11 20.3700173448)
(0.164480449964 1.74808098902e-11 19.7138332093)
(0.0455261437576 1.16456298146e-13 19.5187050801)
(0.0909601658333 -8.57066102898e-13 19.2598756869)
(0.142902628294 -6.89313046494e-12 18.7164515753)
(0.0394730812455 1.9909996732e-11 18.4659389365)
(0.078975751789 5.37466972775e-11 18.2519204408)
(0.124718579049 -3.6837474392e-11 17.7999733061)
(0.0343611385426 -4.4909891733e-11 17.5069560011)
(0.0688324472543 -1.1315257975e-10 17.3290027058)
(0.109208352108 -9.65570972796e-11 16.9513251608)
(0.0297607811759 7.94925438727e-12 16.6329254438)
(0.059669834519 5.29493691708e-13 16.4841312445)
(0.0950310814443 -7.08964237639e-11 16.1669476265)
(0.0256422314607 -2.19359487314e-12 15.8412008127)
(0.0514487734637 -4.95244390707e-12 15.7161379736)
(0.0821949855893 -1.09655891272e-11 15.4485237695)
(0.0220639476228 -2.64931690727e-12 15.1241929709)
(0.0442968222295 -5.69419109461e-12 15.0185424847)
(0.0709620088987 -9.3990930657e-12 14.7917206062)
(0.0190105450075 1.96939288606e-11 14.4743900534)
(0.0381873466105 4.32123579445e-11 14.3847078398)
(0.0613215796789 7.56733079252e-11 14.1916188226)
(0.0164855733468 1.49849506984e-11 13.8831292234)
(0.0331332952522 3.1365020993e-11 13.8066569161)
(0.0533262383642 4.61964477557e-11 13.6416013537)
(0.0143574467944 -2.15112816763e-10 13.3404850989)
(0.0288704068068 -1.52013452257e-10 13.2749791109)
(0.0465629146722 -1.5252492076e-10 13.1332802558)
(0.0124284706289 -2.61479217113e-11 12.8427488566)
(0.0249998091985 -4.44932702111e-11 12.7863798853)
(0.0403890862767 -4.57182085551e-11 12.664204846)
(0.0106738895589 -6.87464431981e-12 12.3896551539)
(0.0214755912463 -1.30214084443e-11 12.3409304137)
(0.0347418875259 -1.43980588332e-11 12.2351455857)
(0.00912335095181 1.46237659063e-11 11.9783020387)
(0.0183593555675 3.16161601349e-11 11.9359867416)
(0.029733528951 5.29972252227e-11 11.8439901064)
(0.00777045117147 9.81092859281e-11 11.6052459057)
(0.015639160151 1.93908039161e-10 11.5683166468)
(0.0253518974278 2.42081201512e-10 11.4879402774)
(0.00659794010114 -3.07948202135e-11 11.2669751519)
(0.0132808326796 -8.28492900233e-11 11.2345871437)
(0.0215461381896 5.10509285776e-12 11.1640316819)
(0.00558295092375 -3.24440341624e-11 10.9602274157)
(0.0112386841315 -6.64040077826e-11 10.9316853068)
(0.0182451624758 -8.01037040555e-11 10.8694611887)
(0.00469970606104 -1.25680260622e-11 10.6821970245)
(0.00946100819033 -2.50043178673e-11 10.656929226)
(0.0153670107948 -3.16331247387e-11 10.6018050425)
(0.00392671921728 -1.61592882733e-11 10.4306647657)
(0.00790473050194 -3.38362946213e-11 10.4082015141)
(0.0128433167433 -5.15157128685e-11 10.3591602604)
(0.00325238394432 5.54926190482e-11 10.2036553735)
(0.00654674919985 8.99754318053e-11 10.1836081071)
(0.0106382319847 2.66665665087e-11 10.1398059257)
(0.0026669298121 -2.71324287403e-11 9.99907695596)
(0.00536756539201 -6.01405713488e-11 9.98111941704)
(0.0087214394312 -1.08354160048e-10 9.94184719742)
(0.00215715956548 3.74291264287e-12 9.81495850026)
(0.00434065645008 8.61004433784e-12 9.79881270285)
(0.00705058447967 1.69359972275e-11 9.76346729157)
(0.0017148185037 2.31060265561e-11 9.6495779167)
(0.00344948963176 4.95300350825e-11 9.63500492425)
(0.00559947006978 8.20578750216e-11 9.60306976688)
(0.00133574368 9.66681289649e-11 9.50099186234)
(0.00268579736497 1.54774805905e-10 9.48778309007)
(0.00435537525288 6.39506811257e-11 9.45880957401)
(0.0010097872214 -2.99616510661e-10 9.36721133907)
(0.0020291082646 -4.22259458707e-10 9.35518034317)
(0.00328522352785 -3.53555506914e-10 9.32876985193)
(0.000728544712376 6.08381630392e-11 9.24665870971)
(0.00146247844413 1.29083130432e-10 9.23563856091)
(0.00236142300749 6.92010164525e-11 9.21143542982)
(0.00049133414672 9.1527289859e-11 9.13767230425)
(0.000984586472094 2.00730368172e-10 9.12751693923)
(0.00158206505115 1.07495209346e-10 9.10520972002)
(0.000296502191675 -6.46206165361e-11 9.03827203965)
(0.000592118559188 -1.31463237169e-10 9.02885457739)
(0.000942014278589 -6.94201395092e-11 9.0081716855)
(0.000128802588318 -1.09551217499e-11 8.94650289363)
(0.000254254668638 -2.14153850276e-11 8.93771356581)
(0.000390637885022 -2.52363420236e-11 8.91841830569)
(-1.28741513458e-05 2.06165713091e-11 8.86175775767)
(-3.12700102435e-05 4.42456731809e-11 8.85350834395)
(-7.57758426286e-05 7.28687164482e-11 8.83540792944)
(-0.000104799339414 6.57618733432e-12 8.78170491166)
(-0.00021644538982 1.35790935271e-11 8.77393038419)
(-0.000378491429461 1.97842430513e-11 8.7568785186)
(-0.000170822372869 -2.65969569426e-13 8.7012969685)
(-0.000349632199639 -6.60273293896e-13 8.69394512926)
(-0.000597099803418 -1.48067431272e-12 8.67781871764)
(-0.000247870917918 -3.83782004743e-12 8.61907459925)
(-0.000505409348661 -8.07186127983e-12 8.61210893038)
(-0.00085403423176 -1.24520468433e-11 8.59681766996)
(-0.000330717879362 -3.68062534293e-12 8.53324494021)
(-0.000673106706025 -7.67153915608e-12 8.52664892291)
(-0.00113207878285 -1.14888243078e-11 8.51214608882)
(-0.000434974717561 6.97319651276e-12 8.43884386714)
(-0.000884520108664 1.47506846321e-11 8.43260924604)
(-0.00148433700377 2.30948450664e-11 8.41886789927)
(-0.000652881744476 1.76106243398e-11 8.33035668058)
(-0.00132618966248 3.76393490801e-11 8.32445937064)
(-0.00221940289226 4.82070286318e-11 8.31142813145)
(-0.00107214037221 6.8960908665e-12 8.20754940266)
(-0.00217727443204 1.42137114186e-11 8.20191911071)
(-0.00364259995947 2.04053824052e-11 8.18946097837)
(-0.0021755625078 4.61766025669e-11 8.04120572805)
(-0.00440265951751 9.85448350316e-11 8.03571760646)
(-0.0072966516507 7.16583811373e-11 8.0236467761)
(-0.00145550712475 2.09055935998e-11 7.92844481114)
(-0.00294099864931 4.41019379883e-11 7.92315959551)
(-0.00485461891231 6.95129331382e-11 7.9116464451)
(-2.06443539054 7.54829248183e-11 17.7702770624)
(-0.224717866626 -8.50660467892e-12 23.2659537829)
(0.150376355643 -1.27991399282e-12 27.3151718847)
(0.282247199606 9.71297034976e-12 29.2752638974)
(0.369520522065 -3.23414812363e-11 30.3623845659)
(0.416991920259 -1.47261177588e-11 30.9386306267)
(0.447332383513 4.54656156507e-11 31.1977807178)
(0.471622043735 7.53787745807e-11 31.2401601061)
(0.4915563841 7.11991112702e-11 31.1104540644)
(0.508527481331 3.20676421694e-11 30.8285410254)
(0.519973749275 5.57149183567e-12 30.3806866205)
(0.521746513761 -6.27888040054e-12 29.7670086078)
(0.513477236027 -4.72232812864e-11 29.0056817045)
(0.495371808128 -4.08054871944e-11 28.1223321036)
(0.470892521173 -4.4266504917e-11 27.1469875058)
(0.441759375137 -7.79068681919e-11 26.0993546276)
(0.407383614315 -3.03849383149e-11 25.0082847514)
(0.370276063409 1.69023009654e-11 23.9085746035)
(0.333014211269 -2.21178956829e-11 22.8249007217)
(0.29827889908 -2.74047419658e-11 21.7726338184)
(0.26638966288 -4.73996912028e-12 20.7554026334)
(0.235868231898 -2.24594968844e-11 19.7819016007)
(0.207246354395 3.48320715119e-11 18.8640112415)
(0.181535214786 -2.05969966151e-11 18.0055268428)
(0.159661128945 -4.3605358047e-12 17.2034873615)
(0.140796356918 -1.21253072542e-10 16.4489865046)
(0.123224817314 -1.38787544151e-10 15.7421853179)
(0.107095240202 6.92139498154e-12 15.087993678)
(0.0928491903311 -1.34668185318e-11 14.4845353305)
(0.0805357675956 1.24902926931e-10 13.9289061615)
(0.0702878271574 5.71178834582e-11 13.4161143035)
(0.0615784675355 -7.2656927322e-11 12.9390018819)
(0.0535551780105 -3.25982635585e-11 12.4961597802)
(0.0461640276835 -1.17955831237e-11 12.0892403938)
(0.0395789165216 8.38066007706e-11 11.7168015477)
(0.0337981125232 1.82168984494e-10 11.3765946762)
(0.0287626357318 3.78766481241e-11 11.0661254982)
(0.0243836256648 -5.15423921443e-11 10.782988643)
(0.0205554602142 -3.15078123197e-11 10.5250946042)
(0.0171899658834 -7.09080888304e-11 10.2908217719)
(0.0142428448443 -2.26823078636e-11 10.0786805824)
(0.0116763828853 -5.95358744122e-11 9.88695991719)
(0.00943542119878 3.27366578794e-11 9.7139901955)
(0.00748645584605 1.89555365133e-11 9.55829692364)
(0.00581419720487 1.74153564439e-11 9.41813199858)
(0.00437475497301 -2.68051414837e-10 9.29164966224)
(0.00313123086606 5.7023821864e-11 9.17739336628)
(0.00208173753879 6.55754353936e-11 9.07382512993)
(0.00121992178574 -3.46678362645e-11 8.97907572345)
(0.000476789981299 -2.77153282531e-11 8.89128501946)
(-0.000152766709513 1.09430446563e-10 8.80996534167)
(-0.000561210908077 2.48965306567e-11 8.73291359576)
(-0.000857918358074 -2.90401980425e-12 8.65514472712)
(-0.00120977222819 -1.73284155264e-11 8.57528956693)
(-0.001593234047 -1.53351521006e-11 8.49168026597)
(-0.00208300018361 3.18527861231e-11 8.39941383525)
(-0.00310422522184 1.47188441021e-11 8.29291588796)
(-0.00509751695663 2.46729121923e-11 8.1717265215)
(-0.0100784009957 6.48871227236e-11 8.00651024466)
(-0.00666364502344 4.95736977634e-11 7.8953695107)
(-0.0291166580784 -9.43156491042e-15 1.90912247486)
(0.0753941533994 -1.08060720521e-13 1.96398272227)
(0.0483339883883 -7.6090295236e-13 1.97392793783)
(0.0547310045632 -1.71345790638e-12 1.98410722713)
(0.0489465835559 -6.17243703448e-12 1.9889034563)
(0.0433835143696 -4.30856628923e-11 1.99280477219)
(0.0368181417788 -5.10634462303e-12 1.99468777692)
(0.0307212062057 8.36788915184e-13 1.99560417462)
(0.0253043135298 1.47417345049e-11 1.9957792998)
(0.0208692673584 8.30399620513e-12 1.9956468807)
(0.0173373383365 9.05244093905e-13 1.99537939609)
(0.0148229259054 6.92735143689e-14 1.99501574656)
(0.0129167785989 5.92469394289e-15 1.99480302841)
(0.0122605432054 7.76221886165e-15 1.9942800072)
(0.0113847508245 1.0395962845e-13 1.99442699721)
(0.0132018574426 -1.70611243609e-13 1.99330972952)
(0.0119533174512 -5.78625044323e-12 1.99465075265)
(0.0187335900859 -1.53093164732e-13 1.99202507984)
(0.00825010994507 -4.05117000882e-15 1.99582792845)
(0.0266475536436 -6.22711713332e-17 1.99768240635)
(0.080672371553 -1.03348169506e-13 1.76856100326)
(0.161092939207 -1.7473099908e-12 1.88343972269)
(0.120114703098 -2.19883569005e-11 1.92553428958)
(0.117844015651 -1.59682803161e-11 1.96745517523)
(0.0961038127051 -1.16662045005e-11 1.98476250633)
(0.0802842677871 -3.12596815347e-11 1.99670148003)
(0.064752545112 -7.72114742348e-12 2.00148509956)
(0.052351180732 9.05146428705e-13 2.00346313696)
(0.0421553398785 1.29299211632e-11 2.00338785679)
(0.0343443924726 1.12712803982e-11 2.0026277633)
(0.0282974033673 1.54191315776e-12 2.00160452491)
(0.0241802363588 2.86087761862e-13 2.0003981679)
(0.0209519948155 5.03814041681e-14 1.99964483714)
(0.0200902649162 9.98219521103e-14 1.9980898953)
(0.0183728472073 3.85030987243e-12 1.99824511175)
(0.0219594801906 -2.04409007711e-13 1.99524348566)
(0.0193588456483 -5.3775421322e-12 1.99822481568)
(0.0315360712608 -2.76703151858e-13 1.99229216772)
(0.0180208128064 -9.2844286757e-15 2.0037878685)
(0.0245812169006 -1.64582214485e-16 2.01067656065)
(0.034606999084 -1.63459828794e-14 1.41184010001)
(0.25209896518 -2.27581172263e-12 1.87404498645)
(0.204327783615 -2.72589248151e-11 1.89359646287)
(0.185311460419 -2.4235249148e-11 1.96011098504)
(0.137614988485 -1.49195193509e-11 1.98459168376)
(0.109326843644 -2.85550577636e-11 2.00091245507)
(0.0842128737232 -9.1787160616e-12 2.006350142)
(0.0664059962542 7.61945303854e-13 2.00794652387)
(0.0525337805502 1.23780967938e-11 2.00690462101)
(0.0424699784454 1.14193607621e-11 2.00520324762)
(0.034808191004 1.98028045156e-12 2.00331176498)
(0.0297767691106 3.04485482179e-12 2.00129456794)
(0.0256965365499 5.19328639413e-13 1.99995399566)
(0.0248456837256 1.71726233625e-13 1.99758330871)
(0.0224624509279 2.91616032956e-12 1.99742749832)
(0.0274671217071 -2.15230427007e-13 1.99321878786)
(0.0239275829793 -5.37376079267e-12 1.99655036115)
(0.0407350719959 -5.26108540732e-13 1.98920103859)
(0.0267193668546 -1.73536997538e-14 2.00793579285)
(0.0286387138066 -3.44272747e-16 2.02234461803)
(-1.60261511929 1.0247113938e-11 3.51329047954)
(0.640894888923 -2.03845176268e-12 2.04270176492)
(0.285957298676 -2.42474427771e-11 1.95239701607)
(0.272780036913 -2.61545962383e-11 1.99046316362)
(0.184183774956 -1.63367614365e-11 2.00170285653)
(0.13985164918 -2.62002350207e-11 2.01287076932)
(0.103871082468 -1.02703982983e-11 2.01465503101)
(0.0802264007554 9.8020133946e-13 2.01368406114)
(0.0625627400134 1.16247431355e-11 2.01060351327)
(0.0503133448031 1.14198664438e-11 2.00743408641)
(0.0410982130016 2.28227945443e-12 2.00441498988)
(0.0352271270688 -1.64555845198e-12 2.00148880555)
(0.0303189906746 5.33909468672e-12 1.99943149327)
(0.02952122577 3.77491729084e-13 1.99630204162)
(0.0264550595147 2.70268762653e-12 1.99554252202)
(0.0329664600577 -2.03709504017e-13 1.99038824095)
(0.0286031919839 -5.13616626371e-12 1.99309427959)
(0.0517172487565 -3.16804729155e-12 1.98450918831)
(0.0396060292608 -5.1947905274e-14 2.00728578856)
(0.112704268114 -2.27919414425e-15 2.01843889507)
(-0.093363348683 6.80379982686e-12 7.07178035369)
(0.500766137084 -2.09638127974e-12 2.32063274638)
(0.32856543887 -2.15380095529e-11 2.13794077696)
(0.323209256776 -2.49851990826e-11 2.07062466033)
(0.212836096964 -2.54909564573e-12 2.04156456068)
(0.161728017109 -2.26717442983e-11 2.03426066334)
(0.119086245696 -1.08144934104e-11 2.02745504774)
(0.0918852913316 1.03442158995e-11 2.02171810486)
(0.0713922367563 1.14023786235e-11 2.01553436118)
(0.0574824008917 1.44422120156e-11 2.01035624668)
(0.0469756252212 2.80438616079e-12 2.00594582594)
(0.0404130562119 -8.05242947017e-13 2.00198117583)
(0.0347423349265 5.37187418552e-12 1.99910170002)
(0.0340230106853 5.88141833629e-13 1.9951663144)
(0.0302625986614 2.66304746872e-12 1.99363408233)
(0.0382474806953 -1.77419652667e-13 1.98742695197)
(0.0329909730525 -4.76378876896e-12 1.98879502999)
(0.0627533153035 -1.17637325574e-12 1.97781349405)
(0.0510441729513 5.46547708519e-14 1.99601484581)
(0.175285686613 -1.20462373009e-15 1.98566434592)
(-0.251486449732 4.21364455649e-12 9.18126874086)
(0.0485811556278 -1.31248408444e-12 2.88098250832)
(0.321102532728 -4.42677222829e-11 2.3481118915)
(0.301591730358 -2.58710314976e-11 2.15116194687)
(0.214139124161 -2.84485423847e-12 2.08692518871)
(0.169220834388 -2.03814893161e-11 2.05816949728)
(0.126846533354 -2.18683987444e-11 2.04177971792)
(0.099822790181 7.07955735861e-12 2.03078468739)
(0.0782700950619 1.07604637005e-11 2.02121106834)
(0.0635766944234 1.46025898673e-11 2.01373090149)
(0.0522135376467 3.28825651365e-12 2.00772294555)
(0.0451843235507 2.39240229553e-14 2.00256968593)
(0.0388507608778 5.18449036338e-12 1.99872788689)
(0.0382318850198 7.92969282281e-13 1.99387339319)
(0.0337436136819 2.42382659589e-12 1.9913619456)
(0.0430436437903 -1.56836581998e-13 1.98390183351)
(0.0366239174049 -4.42950564889e-12 1.98317616623)
(0.0717737008151 -2.89400931077e-12 1.96898361125)
(0.0579486235852 2.05337245763e-12 1.97582459774)
(0.206985108121 3.96218998068e-14 1.94135507578)
(-0.27044266626 1.86143122888e-11 10.8302241037)
(-0.225170906183 9.88092758286e-11 3.76010093827)
(0.277548875439 -3.37721181845e-11 2.46436692176)
(0.25078697852 -2.5684566882e-11 2.20245646645)
(0.203886667939 -4.64880059374e-12 2.12002398523)
(0.166561467075 -1.84034159429e-11 2.07664352922)
(0.128944526319 -1.13934868082e-11 2.05388493269)
(0.104220878125 1.75710471708e-12 2.03887680078)
(0.0831311188432 9.4120256983e-12 2.0266176767)
(0.0684611103646 8.92428799693e-12 2.01703097537)
(0.0566944851622 3.54591716933e-12 2.00945616199)
(0.0494364993723 8.03371427383e-13 2.00308328898)
(0.0425529533532 5.07807323999e-12 1.99820320123)
(0.0420383252101 9.03821105064e-13 1.99237116483)
(0.0367765264189 -1.87547925325e-12 1.98870655715)
(0.0471016066732 -2.34655827806e-13 1.97991140851)
(0.0391930663652 -4.19072035825e-12 1.97649318111)
(0.0776305637132 -5.89543418498e-12 1.95910351157)
(0.0595953820349 -6.86905834908e-13 1.9521300801)
(0.208584078137 -1.37467142408e-15 1.89891447783)
(-0.187604522063 1.66537300118e-11 12.4655402185)
(-0.403222157211 6.48840133532e-11 4.57410145194)
(0.174655310818 -2.98183731654e-11 2.51242514052)
(0.210034363642 -2.55325166416e-11 2.23486833707)
(0.191000434446 -6.73774057415e-12 2.13913441965)
(0.160059666437 -1.73015130054e-11 2.08853319795)
(0.128394914527 -1.84069819178e-11 2.06246505343)
(0.106266367819 -2.3631640219e-12 2.04505911467)
(0.0864257401233 7.99142066165e-12 2.03112996635)
(0.0722587862301 9.192870958e-12 2.01991853061)
(0.0604271643464 3.79208878953e-12 2.01098406294)
(0.0531269816127 1.46993834544e-12 2.00346679666)
(0.045793038634 4.94023351037e-12 1.99754186557)
(0.0453578742061 1.02010371858e-12 1.99073064019)
(0.0392761748234 -1.58965365746e-12 1.98580435601)
(0.0502447517845 -3.23422331374e-13 1.9757074879)
(0.0405810211186 -4.01681405893e-12 1.96931266918)
(0.0800831430124 -5.65581436359e-12 1.94931747516)
(0.0567758389647 -7.84403150119e-13 1.92944954632)
(0.19030624945 -3.82613210413e-14 1.86616754417)
(-0.107613975809 1.33356016684e-11 13.9434098896)
(-0.474905434399 3.68061510666e-11 5.19696246951)
(0.0688847500628 -2.83881714054e-11 2.60894062229)
(0.189950754395 -6.34360474098e-11 2.26295691978)
(0.178577488799 -1.14645736755e-11 2.15026848043)
(0.15446500648 -1.70664453885e-11 2.09638106655)
(0.127225531187 -2.97865528131e-11 2.06803336949)
(0.107194586393 -1.438795726e-11 2.04937435122)
(0.0887256356302 6.00916364138e-12 2.03455441646)
(0.075214665219 8.61949357035e-12 2.0222310087)
(0.0635001004076 4.03204138172e-12 2.01220743585)
(0.0562624242671 2.33365561806e-12 2.00368255691)
(0.0485475333791 4.80978032054e-12 1.99675971876)
(0.048135826269 1.43809770343e-12 1.98901656228)
(0.0411980822591 -1.86249340271e-12 1.98279308653)
(0.0523947606948 -4.37161349376e-13 1.97152354157)
(0.0408418368876 -3.92545430674e-12 1.96217754866)
(0.0795595641676 -7.97600398142e-12 1.94044756924)
(0.0512313488997 -1.1426137546e-12 1.91032546205)
(0.164700395834 -8.49376003301e-14 1.84465980307)
(-0.0283518424253 1.72564603235e-11 15.304332662)
(-0.4692283638 1.83234947696e-11 5.89437000342)
(-0.0168220292995 -2.99372571131e-11 2.82580587843)
(0.177005575815 -5.77532911379e-11 2.29359808717)
(0.166639979523 -1.50597194427e-11 2.15956302863)
(0.150978537763 -1.75328087403e-11 2.1023935048)
(0.126137765041 -3.65535156935e-11 2.07162468824)
(0.107813559121 -8.61435892262e-12 2.05225163048)
(0.0904777772865 5.46840294411e-12 2.03696653815)
(0.0775833168545 8.22127545514e-12 2.02394571834)
(0.0660355725592 4.06538365826e-12 2.01309229615)
(0.0588853407362 1.02039557313e-11 2.00372202949)
(0.0508245220968 4.79988973274e-12 1.99588683427)
(0.0503524590839 5.62298517824e-12 1.98730145137)
(0.0425416084025 -6.41468670369e-12 1.97981720876)
(0.0535657429357 -8.83092501672e-13 1.96757562719)
(0.0401389148605 -3.86003340401e-12 1.95553439469)
(0.0767427944177 -7.55788760792e-12 1.93295903249)
(0.0443312216214 -4.93353693243e-12 1.89549684525)
(0.137893473904 -3.11293687403e-13 1.83157557838)
(0.0538986764531 1.84201481392e-11 16.5609670895)
(-0.433812258535 -2.17483162832e-11 6.7087247512)
(-0.104646642283 -1.57066072075e-10 3.18452007765)
(0.162103639291 -1.10463823287e-10 2.3228022095)
(0.156667218156 -2.18261941845e-11 2.16961077411)
(0.1495259799 -3.09965808027e-11 2.10733407973)
(0.12553134566 -3.37286894611e-11 2.07409026674)
(0.108588032971 1.17769955009e-13 2.05410517687)
(0.0919937421311 1.74199863614e-11 2.03855486038)
(0.0795845785436 8.46225844441e-12 2.02512915682)
(0.0681621073047 -5.32366752893e-12 2.01366707427)
(0.0610620297244 8.61758030682e-12 2.00361579026)
(0.0526602415456 -1.41030723873e-12 1.99497846649)
(0.0520237815789 6.27806700429e-12 1.98567191127)
(0.043346455451 -1.21944417508e-12 1.97702506821)
(0.0538442627477 -3.8962356104e-12 1.96405240503)
(0.0386865365779 -3.54431215442e-12 1.94971359577)
(0.0723315309136 -3.42837503167e-12 1.92705760596)
(0.0370124446157 -5.01866546126e-12 1.88483493116)
(0.112887475567 -4.16536385275e-12 1.82444353996)
(0.134777877297 -1.99295444262e-12 17.698361771)
(-0.383830799272 -1.70469160138e-10 7.6235565506)
(-0.195658562597 -1.63516377721e-10 3.67673756129)
(0.140412440579 -1.46254284451e-10 2.36341659152)
(0.153246628717 -2.96923624497e-11 2.18613382186)
(0.149813539501 -4.71557126275e-11 2.11296230636)
(0.125904047375 -4.62370194863e-11 2.0765851501)
(0.10975967142 -1.10171530256e-11 2.05542189143)
(0.0935062942909 1.50449308444e-11 2.03959230506)
(0.0813971707833 8.43554189493e-12 2.02590673964)
(0.0700046512173 -2.66547128045e-12 2.01400753089)
(0.062873729082 1.40731064605e-11 2.00342593287)
(0.0541136746084 -1.18859179775e-13 1.9941090899)
(0.0531975708729 -3.82224775955e-13 1.98422019405)
(0.04368449023 -1.88494561781e-12 1.97455436734)
(0.0533664726846 -4.7005341922e-12 1.96110184828)
(0.036714746659 1.82389436568e-12 1.944928749)
(0.0669581060459 -3.69265129158e-12 1.92278078596)
(0.0299310997535 -6.90370993164e-13 1.87787220388)
(0.0910988791322 -3.69507234209e-12 1.82146915052)
(0.220331594308 -1.97708989302e-11 18.7072480657)
(-0.309433200146 -1.8713204331e-10 8.59402130933)
(-0.279432547743 -3.18438579097e-10 4.19067029761)
(0.0907188887167 -1.4453373309e-10 2.45238270799)
(0.151808496322 -3.67756645771e-11 2.2119856339)
(0.147491421656 -4.54287313535e-11 2.1201111842)
(0.126419500471 -4.40472767574e-11 2.0796791788)
(0.110907752477 -1.23994408158e-11 2.05647804174)
(0.0950389844469 1.13666188208e-11 2.04029523486)
(0.0831106532077 8.17701772496e-12 2.02640550655)
(0.071668390944 -8.55169760135e-13 2.01421086593)
(0.0644068379542 1.21636435658e-11 2.00323393288)
(0.0552598406869 2.57763087925e-13 1.99336467476)
(0.0539465107609 -3.33329911841e-13 1.98303729411)
(0.0436496289999 -5.79990437268e-12 1.97252327629)
(0.0522958895355 -4.74614694326e-12 1.95882798039)
(0.0344440990346 1.85025041673e-12 1.94128978083)
(0.0611432801797 -3.14289605682e-12 1.92005100706)
(0.0234905859242 -5.68070171918e-13 1.87398794874)
(0.0728512812053 -3.67577019565e-12 1.82120657315)
(0.301612234562 -4.17679212101e-11 19.4902243028)
(-0.211099879106 -2.18511670174e-10 9.61577890077)
(-0.327227795693 -5.1770603892e-10 4.66841732734)
(0.0172169674792 -1.67323173726e-10 2.59403109411)
(0.147467865064 -4.33993924265e-11 2.23815285222)
(0.141736206113 -4.5940063494e-11 2.1263558741)
(0.127251376148 -4.2772205068e-11 2.08231061767)
(0.111972840818 -2.55926054692e-11 2.05700031653)
(0.096740702981 7.29670366698e-12 2.0406636542)
(0.0848361233306 7.61857952932e-12 2.02669636404)
(0.0732685652708 9.85479230174e-14 2.01436950877)
(0.0657561433365 6.8156891999e-12 2.00312952159)
(0.0561855142399 -5.83413867747e-12 1.9928361125)
(0.0543603860474 -3.63298318761e-13 1.98220861156)
(0.0433473351808 -5.88987967512e-12 1.97102681799)
(0.0508037718685 -1.23116936219e-11 1.95729413905)
(0.0320679625582 -2.60181839378e-12 1.93882450807)
(0.0552805476368 -2.884437517e-12 1.91872316816)
(0.0178922654643 -3.78253025462e-12 1.87255108203)
(0.0579109227172 -3.744204141e-12 1.82260620485)
(0.363012503122 -6.29625189885e-11 20.0455870577)
(-0.113348062523 -2.40537588449e-10 10.6338800605)
(-0.324478422803 -4.87937408552e-10 5.20753921533)
(-0.045514836335 -1.98038274322e-10 2.81345585479)
(0.144922437988 -5.00875129976e-11 2.2633151206)
(0.137658578157 -4.513416691e-11 2.1321243466)
(0.130302474564 -3.37884567118e-11 2.08426594782)
(0.113895285992 -2.64047435486e-11 2.05713070695)
(0.0991128639609 3.80468980828e-12 2.04083130581)
(0.086816487522 6.86325505144e-12 2.02692191516)
(0.0749631211597 1.10338143502e-12 2.01460776542)
(0.0670311334691 4.3115541628e-12 2.00321948673)
(0.0569853203375 -8.72185110066e-13 1.9926185767)
(0.0545378635886 2.35308175357e-12 1.98181233904)
(0.0428847982138 -9.81723418529e-12 1.97013668574)
(0.0490539786513 -1.10168757987e-11 1.95652958738)
(0.0297438783117 -3.27983048818e-12 1.93750279251)
(0.0496465984311 -2.56944809478e-12 1.91862489534)
(0.0132024697128 -4.79318950377e-12 1.87300670066)
(0.045839120707 -3.76103552572e-12 1.82497471653)
(0.40372083869 -7.12275708924e-11 20.4026679428)
(-0.0192645647679 -1.45934315317e-10 11.6071139712)
(-0.290277323518 -3.76401282114e-10 5.86358964714)
(-0.106093925346 -2.4863209669e-10 3.15584815925)
(0.140166244951 -5.81027654496e-11 2.29432401614)
(0.13750211854 -2.73597272603e-11 2.14159988403)
(0.13596388026 -3.27296629783e-11 2.08716485893)
(0.117261783329 -2.64476524899e-11 2.05788527977)
(0.102426678248 8.76255902256e-13 2.04129154835)
(0.0892219236513 6.40623066043e-12 2.027392897)
(0.0768701704031 1.11395111831e-11 2.01511610291)
(0.0683251478864 2.76817864887e-13 2.00363741723)
(0.0577460661335 1.409235795e-12 1.99281197621)
(0.0545753142029 3.00910948561e-12 1.98191913136)
(0.042361715776 -7.47284898097e-13 1.96990324748)
(0.0471923874036 -1.00141417512e-11 1.9565374332)
(0.0275913148475 -3.77226150493e-12 1.93725808024)
(0.0444212902823 2.22712761338e-12 1.91958226533)
(0.00940311259458 -4.62698759015e-12 1.8749007328)
(0.0361572142238 -3.74610465226e-12 1.82786889463)
(0.425120189859 -7.95612105432e-11 20.5831811103)
(0.0647404208847 -1.73993313413e-10 12.491763018)
(-0.238665761848 -3.93660972719e-10 6.6171872223)
(-0.162660385855 -2.69629869097e-10 3.63609892345)
(0.129947542535 -6.64361747757e-11 2.35326309521)
(0.143515743526 -3.0693280774e-11 2.16302693248)
(0.143344273817 -3.00701292151e-11 2.09420041035)
(0.122028591505 -2.5838704867e-11 2.06087689418)
(0.106488613555 -1.49167524585e-12 2.04277308095)
(0.0920271742797 5.69573927889e-12 2.02851894977)
(0.0790008968817 9.36274838081e-12 2.01612016236)
(0.0696852659193 2.76369227724e-12 2.00452823777)
(0.0585301054866 1.88020881152e-12 1.99351323974)
(0.0545559531818 -3.37985526717e-12 1.98258969735)
(0.0418626513036 -1.08418710764e-11 1.97035789397)
(0.045340346156 -9.6470859738e-12 1.95730217009)
(0.0256931465546 -4.12033703195e-12 1.93800444814)
(0.039708677935 1.46555937407e-12 1.92143452171)
(0.00642699033374 -4.68144228278e-12 1.87787790604)
(0.028421982711 -3.72398820037e-12 1.83101571631)
(0.433520128295 -8.49137065696e-11 20.6053020053)
(0.14455661954 -1.76339859517e-10 13.2540880421)
(-0.163323807117 -3.17006077224e-10 7.42174309627)
(-0.210642192059 -2.53910375862e-10 4.16692182344)
(0.0912455382149 -7.68501057543e-11 2.47878142895)
(0.148313849462 -3.27510030163e-11 2.2003374391)
(0.146773700639 -2.86319188954e-11 2.10651528899)
(0.126219030689 -7.06147252167e-12 2.06661948724)
(0.110203887775 -2.01428023851e-12 2.04553443921)
(0.0948479656321 4.96452481017e-12 2.03049206215)
(0.0812016940292 7.69673367702e-12 2.01775268918)
(0.0710921217023 -4.52650064199e-12 2.00599562186)
(0.0593654085481 1.56067148787e-12 1.99479638789)
(0.0545430295278 -2.94344343499e-12 1.98386863584)
(0.0414523594318 -9.22633334118e-12 1.97151453018)
(0.0435917916408 -9.36229046099e-12 1.95879588454)
(0.0240994421774 -4.1780142764e-12 1.93964909567)
(0.0355564918347 1.02522220931e-12 1.92404176672)
(0.0041824980899 -7.9402855259e-12 1.88167030609)
(0.0222562622286 -3.74373609919e-12 1.83425649942)
(0.431934384868 -1.43845826446e-11 20.4686669951)
(0.210718437237 -1.71660277809e-10 13.8175503727)
(-0.0727844881177 -3.51354007834e-10 8.21537770043)
(-0.229471871399 -2.44950108501e-10 4.65407253579)
(0.0214615916271 -8.79475604929e-11 2.67453212926)
(0.145851167475 9.60980626472e-12 2.24267875318)
(0.144661741957 -6.17094494651e-12 2.12039356078)
(0.129419083987 4.21286968079e-12 2.07332248611)
(0.113148629332 -1.01833681182e-12 2.04886715032)
(0.0975349910442 4.39011423812e-12 2.03305060262)
(0.0833812786157 6.09236261001e-12 2.01995247609)
(0.0725375201548 -8.80300322686e-12 2.0080574085)
(0.0602698762204 4.17774035411e-12 1.99669575009)
(0.0545850285972 -2.33248608946e-12 1.98577929285)
(0.0411762285404 -8.28077713446e-12 1.97337121402)
(0.0420137985334 -9.02709767072e-12 1.96098314682)
(0.0228325693376 1.25619241635e-12 1.9421007414)
(0.031972637514 -4.10757825957e-12 1.92728761819)
(0.00256941575144 -7.86538346674e-12 1.88608175157)
(0.0173554041069 -3.78354608935e-12 1.83750368122)
(0.418821694653 -4.70680023784e-11 20.1935422234)
(0.250390063853 -1.63956525457e-10 14.2068972629)
(0.000452296326233 -2.84474166314e-10 8.92975491898)
(-0.205094313688 -2.27917774904e-10 5.15601502083)
(-0.0346436649172 -9.95300793595e-11 2.95998725919)
(0.142640162463 1.84991786014e-12 2.29060960976)
(0.143666214392 -1.91294993743e-12 2.13654356866)
(0.134093537374 2.64333248297e-11 2.08074899886)
(0.116484763448 1.85674137735e-12 2.05272125218)
(0.10059663617 4.14317389555e-12 2.03613576393)
(0.0857216368861 5.19343853883e-12 2.02272000653)
(0.0741088324286 -5.16617891069e-12 2.01073551045)
(0.0612842754672 4.00627254952e-12 1.99923676264)
(0.0547258120869 -1.89960365485e-12 1.98833419857)
(0.0410638138574 -7.81443475742e-12 1.97591610832)
(0.040649300686 -8.75098924801e-12 1.9638257599)
(0.0218926201526 -2.14875745725e-13 1.94527489492)
(0.0289380931541 -3.13359049156e-12 1.93107869607)
(0.00148701078826 -8.23913449845e-12 1.89097125519)
(0.0134876261932 -3.82727744797e-12 1.84071083394)
(0.397737709702 3.22658371104e-12 19.8145064988)
(0.271675553005 -1.52233536206e-10 14.4607306029)
(0.0599873136163 -2.93559373315e-10 9.56807239911)
(-0.159141409608 -2.20505230803e-10 5.71999332363)
(-0.0776120133979 -1.10863658818e-10 3.36231612485)
(0.134491425303 -3.87752288213e-12 2.35952447731)
(0.144822355538 2.71806515203e-11 2.16074806491)
(0.139923732513 2.55185854125e-11 2.09114259095)
(0.120496183654 4.26318697737e-12 2.05822592494)
(0.104119860234 4.40327830155e-12 2.04019881842)
(0.0882741147649 4.54943348902e-12 2.02627464304)
(0.0758370648557 -2.45877325152e-12 2.01412858819)
(0.0624227659384 -7.69457708611e-12 2.00246710181)
(0.0549885158637 -2.14643848364e-12 1.99154770027)
(0.0411253419209 -7.56771561782e-12 1.97913411798)
(0.039518487671 -8.21146796278e-12 1.96728669666)
(0.0212619383283 -5.47797558993e-13 1.94909667495)
(0.0264159336633 -2.82884889124e-12 1.93534287016)
(0.000837957748469 -6.66633434394e-12 1.89623597155)
(0.0104837251449 -3.85013987505e-12 1.84384690245)
(0.371714504249 -7.88804393243e-11 19.3588959764)
(0.280094363778 -1.56874939511e-10 14.6019384112)
(0.107356179878 -2.42793815334e-10 10.1134510718)
(-0.10479960355 -2.06698955702e-10 6.32841755932)
(-0.108192701055 -1.18105983806e-10 3.86785158732)
(0.116937920103 -1.09907565014e-11 2.46800054235)
(0.147753893802 -2.54115162659e-12 2.19938407163)
(0.145363240321 7.1757573902e-12 2.10707505471)
(0.12469216081 2.05400290101e-11 2.06659358712)
(0.107676153461 1.61935323318e-11 2.04574047956)
(0.09085572476 4.86035306137e-12 2.03085623817)
(0.0776279828123 -5.08205067356e-12 2.01833846416)
(0.0636408995458 5.28935897961e-12 2.00643122031)
(0.0553615672459 -1.76024662409e-12 1.99542863)
(0.0413481359244 -7.08115753736e-12 1.98300637153)
(0.0386200026826 -2.01116555795e-12 1.97133096163)
(0.0209091647367 5.14772756356e-12 1.95350135768)
(0.0243559098072 1.27647296652e-13 1.9400265173)
(0.000539793462845 -5.78020875552e-12 1.90179886795)
(0.00815679115009 -3.86931328215e-12 1.84684125626)
(0.34484012927 -9.23428412497e-11 18.8470668029)
(0.283086265166 -1.61598462121e-10 14.643312379)
(0.146927139093 -2.37693402303e-10 10.5475994548)
(-0.0432323798731 -1.97454309433e-10 6.93769087848)
(-0.127242615669 -1.09602445904e-10 4.36692033159)
(0.0733077950486 3.12092889298e-11 2.65383563546)
(0.147572338523 4.18757106617e-12 2.2547800065)
(0.146312020081 2.45071371789e-12 2.12882061925)
(0.12749661516 3.19917708806e-11 2.07779720913)
(0.110335763931 2.7269187984e-11 2.05268549848)
(0.0930638683877 5.54543357774e-12 2.03641960263)
(0.079276791732 -1.94001373866e-11 2.02333531076)
(0.06484457592 2.68532682641e-12 2.01111361784)
(0.0558030761897 -1.45796651861e-12 1.99995929303)
(0.0417003220408 -6.41139210493e-12 1.98750372039)
(0.0379346024998 -2.05266893382e-13 1.97592367397)
(0.0207933793701 5.1312318612e-12 1.95843356004)
(0.0226981649851 -4.83549416943e-13 1.94509084485)
(0.000521514681283 -5.3798752574e-12 1.90760950479)
(0.0063255413246 -3.8207866148e-12 1.84974504006)
(0.317743309292 -8.07611335223e-11 18.2888985792)
(0.281172481277 -1.51161577042e-10 14.5876177444)
(0.174872801438 -2.08395401815e-10 10.8651794143)
(0.0135658422104 -1.76784131883e-10 7.46818433957)
(-0.124617867776 -8.49428160823e-11 4.80068167846)
(0.0120411723047 8.45154461597e-11 2.91816796093)
(0.139864576288 1.16533166496e-11 2.31931521179)
(0.142717025237 2.14828329997e-11 2.15355604687)
(0.129091463099 2.86029478521e-11 2.09031727601)
(0.112058960253 2.56478747837e-11 2.06031664562)
(0.0948790770505 6.30589066338e-12 2.04259124337)
(0.0807234221725 -1.42244264542e-11 2.0289344369)
(0.0659913000875 1.26153202304e-11 2.016425163)
(0.0562802954062 -2.25943052488e-13 2.00508998501)
(0.042147061884 -3.97003729537e-14 1.99258491955)
(0.0374331862418 -6.35159329431e-13 1.98102911178)
(0.0208689468519 5.15345419542e-12 1.96384639189)
(0.021380232699 -3.59327605154e-12 1.95050861204)
(0.000715833014334 -4.90758355503e-12 1.91364340119)
(0.00487824341696 -3.76223859573e-12 1.85259731565)
(0.288482410928 -7.53075512488e-11 17.7022041318)
(0.270503211786 -1.3625497231e-10 14.4519245003)
(0.186228248972 -1.78343523869e-10 11.0807346467)
(0.0509741188645 -1.5475046468e-10 7.91019961545)
(-0.0975116261154 -7.11275524194e-11 5.2154168821)
(-0.0303511404068 6.28437025993e-11 3.25660015618)
(0.1296067845 1.55850979187e-11 2.3986058672)
(0.1405816513 2.72339910439e-11 2.18338922845)
(0.131742523955 2.74102105608e-11 2.10465894832)
(0.114069675287 2.49252562808e-11 2.06885550817)
(0.0968396067439 7.81726442389e-12 2.04937762428)
(0.0821675444074 1.05869044858e-12 2.03510445211)
(0.0671441595118 1.21486023161e-11 2.02232707362)
(0.0567959381862 8.55692449366e-13 2.01078669923)
(0.0426630478773 1.36659807158e-13 1.99821354156)
(0.0370840781991 -7.81735857495e-13 1.98661563786)
(0.0210898673485 4.69287255694e-12 1.96970151888)
(0.02034293308 -4.04129355269e-12 1.95626121459)
(0.00106396876852 -4.35664531246e-12 1.91989145593)
(0.00373810697986 -3.69783321997e-12 1.85544137417)
(0.258803878834 -6.16814428565e-11 17.1091970346)
(0.254446577508 -1.43844421472e-10 14.262136554)
(0.188300394012 -2.56222870102e-10 11.221551232)
(0.0760756622938 -1.64469424495e-10 8.28138415725)
(-0.0632361192873 -9.22458676181e-11 5.65066999013)
(-0.0547376696677 -6.9610014586e-11 3.66111249761)
(0.114256492049 9.55324060607e-12 2.51406657977)
(0.140124083871 9.99902540104e-12 2.22531733494)
(0.134865545785 2.524554726e-11 2.12375448327)
(0.116399901335 2.40257884384e-11 2.07966540465)
(0.0988866818534 9.02235649939e-12 2.05732819389)
(0.0835777594415 3.07812215391e-12 2.04206541332)
(0.0682682203912 1.04189386721e-11 2.02888423985)
(0.0573140726543 1.76033075793e-12 2.01705653902)
(0.0432076886492 1.55746042364e-12 2.00436837125)
(0.0368475237549 -7.15777076281e-13 1.99265874844)
(0.021409448232 4.14065968442e-12 1.97596809981)
(0.0195312405508 -3.02872493691e-12 1.96233557228)
(0.00151605880286 -3.88913242497e-12 1.92634979164)
(0.00284554547736 -3.63281214854e-12 1.85831482682)
(0.230737571397 -7.19134652213e-11 16.5229067985)
(0.236183053465 -1.54367150554e-10 14.0343866861)
(0.185699803773 -2.77249163948e-10 11.3028854629)
(0.0931396851982 -1.75851775813e-10 8.59290594869)
(-0.0300559975059 -1.06115229831e-10 6.09037911979)
(-0.0613255961985 -6.5694970088e-11 4.10290430449)
(0.0928212084361 1.92695274017e-12 2.68824022644)
(0.138609818647 -2.07996506531e-11 2.28545053474)
(0.136204315874 1.96498007926e-11 2.14988707037)
(0.117926378938 2.26830392011e-11 2.09368852019)
(0.100310733588 9.9546772097e-12 2.06679725679)
(0.0845998391484 3.89290263899e-12 2.04994357656)
(0.0691680560779 9.31272804168e-12 2.0361176569)
(0.0577292420112 2.21788851206e-12 2.0238875455)
(0.043711681243 -3.37254911e-12 2.01102035442)
(0.0366723197727 -8.37709220451e-13 1.99913198769)
(0.0217798437829 3.59369050884e-12 1.98261788436)
(0.0188940750283 -2.38744404161e-12 1.96872066159)
(0.00202996610551 -3.56885353459e-12 1.93301560049)
(0.00215340300215 -3.57027304623e-12 1.86124665832)
(0.20632129031 -7.5983560044e-11 15.9484663379)
(0.21956132573 -1.66435997047e-10 13.776814776)
(0.183736887591 -3.01501385183e-10 11.331540978)
(0.109315294767 -1.91775180987e-10 8.84810847959)
(0.00514927261822 -1.17899214981e-10 6.50120627347)
(-0.0609093265636 -6.56686177716e-11 4.52258234551)
(0.0542223065279 -6.02051182317e-12 2.92710645548)
(0.130694621039 -2.33104689337e-11 2.36252298344)
(0.132804708009 1.51968531369e-11 2.18183551679)
(0.117231969497 2.11933174787e-11 2.11012181609)
(0.100313806093 1.06435312724e-11 2.07729733118)
(0.0848428979669 4.88827198699e-12 2.05843805666)
(0.0696258865712 8.91313676415e-12 2.04384308881)
(0.0579293897841 3.05208974598e-12 2.03117393032)
(0.0441045633121 4.59683616112e-12 2.01810113184)
(0.0365083045007 -2.51276893868e-13 2.00599396734)
(0.0221572490408 3.10029594752e-12 1.98961926422)
(0.0183860360397 -2.0714069978e-12 1.97540424862)
(0.00257078751629 -3.24776466743e-12 1.93988487427)
(0.00162383099283 -3.50815437197e-12 1.86425708)
(0.184695346045 -7.07952901505e-11 15.3836453111)
(0.203668577429 -2.23119768319e-11 13.4890238062)
(0.180408979333 -1.27396204939e-10 11.3035344883)
(0.121255279102 -2.18114022183e-10 9.03317456285)
(0.0355412152651 -1.26110658512e-10 6.83881196144)
(-0.0565029789172 -5.87707304994e-11 4.8656832383)
(0.00515215776869 3.2286195215e-11 3.21586096715)
(0.116510209366 -1.92579720296e-11 2.45070859215)
(0.12642223319 3.97048874041e-11 2.21689845582)
(0.11541088919 2.26005982955e-11 2.12746849221)
(0.0994681242664 1.14298501246e-11 2.08802238107)
(0.0845817102725 6.46023350849e-12 2.06706501621)
(0.0697400131988 2.08448441434e-11 2.05177901668)
(0.0579459561751 4.10543815264e-12 2.03875889543)
(0.0443795696659 -1.32270859572e-12 2.02552003227)
(0.0363331657666 6.03393997296e-12 2.0131943028)
(0.0225123228344 2.54413933038e-12 1.99693864627)
(0.0179708527565 -2.0305204078e-12 1.98237251333)
(0.003111082031 3.65002508187e-12 1.94695137878)
(0.00122615420479 -3.3548390319e-12 1.86735785218)
(0.163553764518 -4.92035733426e-11 14.8349877541)
(0.185278965582 5.56316078524e-11 13.181276175)
(0.1707541991 -9.00577727805e-11 11.2295007889)
(0.122587906337 -1.46656175686e-10 9.15632165566)
(0.0504326887971 -1.00377173845e-10 7.10387029647)
(-0.0412075035649 4.58947280794e-12 5.17790451777)
(-0.0236177610756 1.97500916129e-11 3.53686347584)
(0.101179796919 -1.32729725678e-11 2.5599014397)
(0.121918177619 3.87250288246e-11 2.25829653362)
(0.114736964805 2.35046044735e-11 2.14687555053)
(0.099139018342 1.22189512747e-11 2.09943379798)
(0.0845207859618 7.08569261747e-12 2.07595321012)
(0.0698553552585 5.61917190925e-12 2.05993592547)
(0.057934631036 -4.67358274766e-12 2.04661521151)
(0.0445918945433 8.17263534387e-12 2.03324331617)
(0.0361538530323 4.29034539533e-12 2.02070603916)
(0.0228313088087 -1.06200580704e-11 2.00455251261)
(0.0176215989537 -1.11423440397e-11 1.98961395168)
(0.00363021309425 4.30378327842e-12 1.95420750805)
(0.000935356895882 -3.20203649212e-12 1.87055333116)
(0.143562529261 -2.87834097478e-11 14.3131519499)
(0.166271751857 -3.28836457158e-11 12.8691234358)
(0.158014194918 -1.58701245452e-10 11.1281014935)
(0.119022719967 -1.281522487e-10 9.23946208285)
(0.057470989396 -8.25095052754e-11 7.32811163222)
(-0.0245926587925 -1.17893838364e-11 5.48471940955)
(-0.0355117444881 1.61486475844e-11 3.87525056049)
(0.0831121427009 -7.67369791917e-12 2.70903595824)
(0.118446783186 3.51624587756e-11 2.31245102119)
(0.114618878217 2.40038351641e-11 2.17114441821)
(0.0992729571979 1.29998232111e-11 2.11287525277)
(0.0846513493448 7.64984326949e-12 2.08572803717)
(0.0699962322551 5.10600885499e-12 2.0686016382)
(0.0579093052337 -9.57427749749e-12 2.0548606031)
(0.0447414673132 1.21984280229e-11 2.04130973359)
(0.0359576790541 3.86658472747e-12 2.02853538997)
(0.0230965265014 -9.01748121871e-12 2.01245200181)
(0.017313125521 -1.00062275799e-11 1.99712120183)
(0.00411107216026 3.99543528251e-12 1.96164482055)
(0.000730205634293 -3.06111793191e-12 1.87384135648)
(0.125516473296 -2.83215234998e-11 13.8206622424)
(0.148141730742 -5.25360923713e-11 12.5587834976)
(0.144476923022 -1.05377137921e-10 11.0071490406)
(0.113453036984 -9.77571112139e-11 9.29068071008)
(0.0611082053347 -4.74584457539e-11 7.51913072382)
(-0.00995459689081 6.80354245185e-11 5.77694758187)
(-0.0352965657745 5.96595750608e-11 4.20861900029)
(0.0623945645111 -7.24609520277e-11 2.9082400988)
(0.113542553004 2.58901462971e-11 2.38385378618)
(0.113808344816 2.37640631299e-11 2.20213340531)
(0.0991263176423 1.38344863344e-11 2.12917306643)
(0.0844957196014 8.91669364265e-12 2.0967773859)
(0.0699024674507 1.05265956491e-11 2.07795751423)
(0.0577185711888 -9.26440712215e-12 2.06357220044)
(0.0447443037574 1.48743357195e-11 2.0497449583)
(0.0356923091703 4.08173936221e-12 2.03668460641)
(0.0232750579602 -7.66761322775e-12 2.02062737979)
(0.0170164175201 6.06478839647e-13 2.00488492113)
(0.00453729684793 -5.65232234729e-12 1.96925173317)
(0.000591725049935 -2.95505532759e-12 1.8772129506)
(0.109662826648 1.38897123663e-10 13.3583346777)
(0.131603768456 -5.24320596661e-12 12.254658415)
(0.131371018594 -6.25508297851e-11 10.8729162943)
(0.10720709796 -6.26442509459e-11 9.31657929675)
(0.0632022718767 -1.30102742521e-11 7.68181165501)
(0.00240973555703 1.03097557907e-10 6.04821893313)
(-0.0280870134788 2.98336630606e-11 4.52671524594)
(0.0413523542505 -1.54313529665e-10 3.15538710137)
(0.105428392739 1.23065509319e-11 2.476515398)
(0.111338618905 2.28406348744e-11 2.24093038626)
(0.0979076472953 3.34273795342e-11 2.14856688738)
(0.0835593883583 2.57090849168e-11 2.10912039159)
(0.0692671192907 2.53466981771e-11 2.08795075215)
(0.0571759260021 4.1076487937e-12 2.07269330925)
(0.0444947374658 1.53080001956e-11 2.0585019757)
(0.0352937148529 4.29787525669e-12 2.04511850763)
(0.0233302458825 -6.57330040099e-12 2.0290507906)
(0.0167028768267 -3.60337216272e-13 2.01288574389)
(0.00489469259997 4.26118028798e-12 1.97701013838)
(0.000503380476111 4.61448054188e-12 1.8806515149)
(0.0963828779339 5.89312038727e-11 12.9242320961)
(0.117617587191 4.2781235242e-12 11.9579187114)
(0.12033958044 -3.27590854826e-11 10.7280886705)
(0.102456354288 -3.42460445782e-11 9.3195281718)
(0.0664653829019 5.6866506483e-12 7.81576344911)
(0.0154425663244 8.1648606788e-11 6.29002456482)
(-0.0226663482282 1.35821030417e-10 4.81549373568)
(0.0158842190337 -1.58080409984e-10 3.43085647866)
(0.0918121402834 4.10423431851e-13 2.59082988979)
(0.106014682596 2.10765779304e-11 2.28699227648)
(0.0949528978029 3.02136531338e-11 2.17051841194)
(0.0815174482597 4.22991336848e-11 2.12234103557)
(0.0678912944398 2.53897163757e-11 2.0982782334)
(0.0561679051184 6.26758334858e-12 2.0820219041)
(0.0439310569305 1.38902547112e-11 2.06745177187)
(0.0347242728808 4.80888108127e-12 2.05375783972)
(0.0232418466355 -5.58702887682e-12 2.0376719989)
(0.0163542149235 -7.23053234847e-13 2.02109199169)
(0.00517578578656 3.47638756516e-12 1.98489451328)
(0.000452786305903 4.09275893653e-12 1.88413318317)
(0.0849881169103 5.80463864341e-13 12.513526261)
(0.105361725881 1.42702904383e-11 11.6660005095)
(0.110378509077 4.35351514718e-11 10.5707657931)
(0.0977570437108 -6.25561371907e-11 9.29616011473)
(0.0685889666309 9.83135871118e-12 7.91314186051)
(0.0259023821368 8.08821444359e-11 6.48501239634)
(-0.0210814324789 1.58218392515e-10 5.06113339737)
(-0.0100991011009 -6.72889353574e-11 3.70825844209)
(0.0737448250098 3.82573266949e-11 2.72523043609)
(0.0988492363066 2.27812093493e-11 2.33940187517)
(0.0911081551419 2.95151866968e-11 2.19439852505)
(0.0789104666789 4.0215844229e-11 2.1359709892)
(0.0660764807013 1.43630979345e-11 2.10860772705)
(0.0548540699289 7.98070421082e-12 2.09133260906)
(0.0431369247247 1.38244837741e-11 2.07644871612)
(0.0340229502231 1.66784313143e-11 2.06251266385)
(0.023030082861 -4.02391455233e-12 2.04643481147)
(0.0159737804752 -1.27784293198e-12 2.02946748784)
(0.00538480195129 -6.58164923944e-12 1.99287570873)
(0.000434398204632 1.26726173745e-11 1.88763032449)
(0.0742731376433 -7.9177506185e-12 12.1268421171)
(0.0931704049521 7.04721965317e-12 11.3818982163)
(0.0992871310693 1.30683079439e-11 10.4054270312)
(0.0902155434185 -8.76606709989e-12 9.25144874624)
(0.0659017023178 2.7907322944e-11 7.97901061646)
(0.0291030430399 9.23782974998e-11 6.64155534468)
(-0.017826665845 1.82075684269e-10 5.27743597192)
(-0.0231603954675 -3.54918107071e-12 3.97254506084)
(0.0554331460931 3.63145034042e-11 2.88516050311)
(0.0919714912856 2.33752898156e-11 2.40095003174)
(0.0878544615812 1.50886713599e-11 2.22123766988)
(0.0766516542679 2.55468289891e-11 2.15037449831)
(0.0643852663704 1.56302622139e-11 2.11904784216)
(0.0535617390324 -2.51713923997e-12 2.10063476276)
(0.0422989443438 2.51068549177e-11 2.08546867104)
(0.0332890982468 1.83648631267e-11 2.07135330766)
(0.0227497246246 -2.96442944249e-12 2.05531224068)
(0.0155847106215 -8.62190819651e-12 2.03798834144)
(0.00553709936064 -6.10748125985e-12 2.0009296658)
(0.000449025100451 1.1766048434e-11 1.89111261458)
(0.0642797599622 -3.88216882652e-12 11.7675890627)
(0.0814013422795 3.74938634847e-12 11.1114097764)
(0.087861712319 8.16968397087e-12 10.2398885073)
(0.0812422110917 9.91787983939e-12 9.19488731723)
(0.0608039373271 3.7619815748e-11 8.02482860146)
(0.0286876469801 8.41777693544e-11 6.7748216927)
(-0.0142810600898 1.2241712809e-10 5.47819296429)
(-0.0272106215451 2.81703764292e-11 4.22136878762)
(0.0373658554207 3.4319330258e-11 3.07453606864)
(0.0848327103038 2.38455360938e-11 2.4763916493)
(0.0852459484546 1.2215011052e-11 2.25305546393)
(0.0748475312482 3.78673440558e-11 2.16646802608)
(0.0629642456965 1.66834197811e-11 2.13004085232)
(0.052412483089 -1.09298814833e-12 2.11014346468)
(0.041508890962 2.2857458643e-11 2.09461223545)
(0.0325825370728 1.78848081059e-11 2.08032143845)
(0.022441080101 -2.01486564034e-12 2.06431635036)
(0.0152080828902 -1.04905220421e-11 2.04664953523)
(0.00564433076237 -5.53763814335e-12 2.0090392393)
(0.00052601961754 1.08952958736e-11 1.89456239766)
(0.0552926090584 1.66436678183e-10 11.4356591018)
(0.0705652272254 5.58553535812e-11 10.8562771428)
(0.0769528705292 2.42281390207e-11 10.0773877532)
(0.0721178530815 2.14807867967e-11 9.13071058155)
(0.0549888498477 3.92850544382e-11 8.05543032701)
(0.0270535280601 6.55208001133e-11 6.88955306216)
(-0.0111702324865 6.72134350485e-11 5.66293710346)
(-0.0267699154043 -1.44435385596e-11 4.45061221992)
(0.0205947082473 2.31744776188e-11 3.29003051995)
(0.076446509844 2.31696218993e-11 2.56998138446)
(0.0828599693585 1.38806035802e-11 2.29159646026)
(0.0732356244186 3.43834468705e-11 2.1850060222)
(0.0616966603092 1.65227148236e-11 2.14194840838)
(0.0513417143502 -8.60594475332e-13 2.12004688185)
(0.0407454215279 2.07556147859e-12 2.10398224424)
(0.0318967623446 1.60908887365e-11 2.08946971201)
(0.0221072898155 -1.18905642137e-12 2.0734703486)
(0.0148451427433 -9.40957793026e-12 2.05545376817)
(0.00570646351205 -4.94754971928e-12 2.01718516945)
(0.000663306904416 1.02065393485e-11 1.89787333145)
(0.0473512863606 1.49364091385e-10 11.1299069268)
(0.0608342222906 1.48744925519e-10 10.6169660259)
(0.066930758431 -7.42810430665e-12 9.91975768374)
(0.0634473552949 1.39433542266e-11 9.06164941018)
(0.0491785166202 3.1431751917e-11 8.07388025046)
(0.0250774635612 4.58124091913e-11 6.98821774231)
(-0.0084837286233 3.82318948347e-11 5.831065689)
(-0.0243995655861 -1.005392673e-11 4.66308918534)
(0.00663804777698 1.66437431465e-11 3.51927093646)
(0.0659090420073 2.25191111226e-11 2.68513907194)
(0.0801156299645 2.80536462029e-11 2.3383405757)
(0.0714952471186 3.20338302748e-11 2.20654501858)
(0.0603942432199 1.51090379438e-11 2.15496765044)
(0.0502189268579 -1.61322202699e-11 2.13043075371)
(0.039936238807 2.30712297217e-12 2.1136231661)
(0.0311868035357 2.71979327506e-11 2.0988212919)
(0.0217248338321 1.73362798541e-13 2.08278470975)
(0.0144759964855 -8.45662528882e-12 2.06440082333)
(0.00571484120596 -4.28074079272e-12 2.02534814371)
(0.00081077623485 9.66351863337e-12 1.90103204669)
(0.0403963149178 6.11971130572e-11 10.848789199)
(0.052201278834 4.3138132256e-11 10.3933638942)
(0.0578822772461 -1.79346178372e-11 9.7681459706)
(0.0554261145282 -7.2396980497e-12 8.98969331317)
(0.0435947697749 8.20083171879e-12 8.08244847574)
(0.0229314968443 2.35797558491e-12 7.07261243685)
(-0.00631202541113 -3.55022142767e-11 5.982967828)
(-0.0219671589169 -2.28617176421e-11 4.86148543778)
(-0.00373549408461 8.44774525727e-12 3.7481000936)
(0.0532206435263 2.10447374508e-11 2.82391365162)
(0.0764485024583 3.24730306443e-11 2.39472395524)
(0.0694426536335 2.96280216896e-11 2.2315729147)
(0.0589131196166 1.39857696017e-11 2.16920304589)
(0.0489450660997 -1.44581870449e-11 2.14130853112)
(0.03901512575 2.80955424018e-12 2.12352810525)
(0.0304054594939 2.30632268689e-11 2.10836800291)
(0.0212655246957 1.32977386197e-12 2.09225304651)
(0.0140745925286 -7.44561883193e-12 2.07348436019)
(0.00565857757502 2.92918111425e-12 2.03351273042)
(0.000940057412974 9.32935147896e-12 1.90403225137)
(0.0343186773079 -1.28035969752e-11 10.5907093247)
(0.0445705361159 -1.95194027886e-11 10.1851147205)
(0.0497566452863 -6.5154229822e-11 9.62331350264)
(0.0480601992188 -1.32330704129e-10 8.91635506406)
(0.0382656603174 -2.61455496334e-11 8.08288844737)
(0.0206017053528 3.88062819848e-11 7.14411382476)
(-0.00474750032172 -8.84262300842e-11 6.11913012511)
(-0.0203387474748 -1.20294256483e-10 5.04577257824)
(-0.0107657002498 -1.46484625688e-11 3.9670484798)
(0.0390390618617 1.71733870284e-11 2.98551698077)
(0.0712894096502 2.99183935698e-11 2.46229408103)
(0.0670614453215 -5.69209536026e-12 2.26060870264)
(0.0571894858622 1.10052324103e-11 2.18474462204)
(0.0474872788981 -1.13665727072e-11 2.15266504493)
(0.0379499336865 3.32566226825e-12 2.13366465274)
(0.0295259453207 2.09759800042e-11 2.1180835068)
(0.0207122935187 1.90660789693e-12 2.10185735415)
(0.0136220213998 -1.70104737991e-11 2.08269142083)
(0.00553170484202 1.32502031864e-11 2.0416624152)
(0.00103600543201 9.06835323168e-12 1.90686798223)
(0.0289791319351 -2.9473608228e-11 10.3542619489)
(0.0377868397469 -3.99565254829e-11 9.99187632207)
(0.0424077908374 -6.29255896333e-11 9.48589218499)
(0.0412231812947 -7.68068177239e-11 8.8429297103)
(0.0330707891539 -4.14050082219e-11 8.07670972573)
(0.0179344981417 -2.32401070938e-11 7.20392570729)
(-0.00401770368552 -7.68859933722e-11 6.24002086992)
(-0.0198365935558 -8.0223133381e-11 5.21508310809)
(-0.0157884816832 -2.23634011261e-11 4.17186306619)
(0.0243378413974 1.26527125762e-11 3.16510792484)
(0.0644374414835 2.69151790224e-11 2.54303419028)
(0.0645158410453 -8.29743805216e-13 2.2944049585)
(0.0552800065276 8.99407393328e-12 2.2017815244)
(0.0458999690769 -8.80898344004e-12 2.16452127862)
(0.0367595922643 3.66997734157e-12 2.14401367461)
(0.0285537362473 1.91018785748e-11 2.12794528339)
(0.0200668026808 2.32905315065e-12 2.11157919244)
(0.013111876708 -1.45018758475e-11 2.0920063272)
(0.00533557648886 1.03340326002e-11 2.04977705513)
(0.00109147743721 8.72492929092e-12 1.90952980962)
(0.0242611211257 -1.13203266865e-10 10.1384084059)
(0.0317191175481 -1.93844289565e-10 9.81352691292)
(0.0357130887891 -2.4271502605e-10 9.35662121492)
(0.0348146899994 -1.22426086556e-10 8.77076630178)
(0.0279321388054 -7.58121912397e-11 8.06549473921)
(0.0148610563553 -7.13073624547e-11 7.2534266922)
(-0.00423984711756 -1.35165879021e-10 6.34639717524)
(-0.0203747499337 -7.60927330621e-11 5.36848337478)
(-0.0199695539573 -2.76091923338e-11 4.35833866461)
(0.010375940035 7.89254006281e-12 3.35758872446)
(0.0559335516046 2.48889380677e-11 2.63974499588)
(0.0618186623458 2.96851554144e-11 2.33414633341)
(0.0532377338743 9.69628610133e-12 2.22069200834)
(0.0442369872632 -6.54983381363e-12 2.17697960503)
(0.035465758327 3.6606478726e-12 2.15459745848)
(0.0275031665609 1.70340870152e-11 2.1379517709)
(0.0193381610272 2.17932219483e-12 2.12140975395)
(0.0125454195163 -1.88024916553e-11 2.10141608425)
(0.00507669173547 8.2439786244e-12 2.05783504506)
(0.00110592222064 8.36932309065e-12 1.91200607727)
(0.0201122032903 -8.24931243352e-11 9.94214693065)
(0.0263276784179 -1.3826628432e-10 9.64984820943)
(0.0296704618546 -1.52001612557e-10 9.23604095951)
(0.0288907353191 -1.20897118285e-10 8.70097435949)
(0.0229769495651 -1.00166229387e-10 8.05063264759)
(0.011587882747 -1.09611365594e-10 7.29398425743)
(-0.00516061001395 -1.68475904201e-10 6.43945260095)
(-0.0214364117298 -2.77525479002e-11 5.50659682614)
(-0.0235532265106 -2.26095768094e-11 4.52943029137)
(-0.00154693114894 4.72060347445e-12 3.55321385256)
(0.0455601100247 2.3040850343e-11 2.7546359525)
(0.0586117396776 3.04907724044e-11 2.38121852146)
(0.0510064356913 1.03282509676e-11 2.24192455032)
(0.0424697516364 -5.60315193033e-12 2.19014971103)
(0.0340518377665 -1.27105241202e-11 2.16544317841)
(0.0263708547666 1.39197387433e-11 2.14810392659)
(0.0185281595383 1.55776329325e-12 2.13134190476)
(0.0119236112001 -2.35562808217e-11 2.11090719034)
(0.00476239516315 6.78077835753e-12 2.06581203685)
(0.00108280690144 8.05679667077e-12 1.91428254517)
(0.0164865037334 -9.03095381496e-12 9.76416231891)
(0.0215743728561 5.74275648162e-11 9.50018486545)
(0.024271116776 -5.05138541083e-11 9.12416166385)
(0.0234902849712 -8.50902699861e-11 8.63409945141)
(0.0183039113835 -8.83269062592e-11 8.0329957136)
(0.00828524714438 -8.14116910248e-11 7.32660247966)
(-0.00654926865758 -3.67081568761e-11 6.52029013815)
(-0.0227370737791 -3.36057367322e-11 5.63047874291)
(-0.0268626042838 -1.93728594262e-11 4.68753436956)
(-0.0109789193475 3.04272223088e-12 3.74232162571)
(0.0335655303076 2.15600981104e-11 2.88773119719)
(0.0545076782232 2.89280676559e-11 2.43708835344)
(0.048599971223 9.94423366009e-12 2.2659227578)
(0.0405877163114 -3.8013722614e-11 2.2040975598)
(0.0325254260688 -1.08703801892e-11 2.17654699502)
(0.0251622500421 1.12015908626e-11 2.15838348696)
(0.0176443910637 -3.3437904898e-14 2.14135826472)
(0.0112518566259 -4.29854580117e-11 2.12045923355)
(0.00440229342375 5.19418369144e-12 2.0736776185)
(0.00102915753829 8.28734966998e-12 1.91634072746)
(0.0133098710949 6.86684312345e-11 9.60310909346)
(0.0173729960064 1.38631539831e-10 9.36375903184)
(0.0194329922734 -2.09050554517e-11 9.02080983244)
(0.0185487336634 -1.54283082663e-10 8.57049168802)
(0.0138742581889 -9.90014965171e-11 8.01329059058)
(0.00493820656342 -7.01239734323e-11 7.3521262282)
(-0.00839010152904 -2.88715767277e-11 6.59030040277)
(-0.0243491649448 3.64060406351e-11 5.74129067711)
(-0.0302827584703 -2.05528128275e-12 4.83307575345)
(-0.0187070255707 5.07676925522e-12 3.91859667996)
(0.0206322613845 2.06448860502e-11 3.0365735937)
(0.0494546735238 2.83491317315e-11 2.50380366064)
(0.0462088091798 9.0785313073e-12 2.29342155218)
(0.0386822473022 -5.12708888008e-11 2.21898323473)
(0.0309626222667 -2.60830635831e-11 2.18793788597)
(0.0239182664677 7.67319753415e-12 2.16878589726)
(0.0167159027825 -1.40400074369e-12 2.15144730783)
(0.0105474259709 -3.95420816988e-11 2.13005249896)
(0.00401137281735 3.92818948686e-12 2.08139874694)
(0.000955234298061 8.54046784924e-12 1.91816057908)
(0.0105393760818 3.2215093255e-11 9.45778574241)
(0.0136807745203 3.02631326861e-11 9.23987043286)
(0.015129240649 -2.88514059463e-11 8.9258513826)
(0.0140695906945 -8.55522947045e-11 8.51055389128)
(0.00973270964016 -1.01750623704e-10 7.9923569968)
(0.00161484230075 -1.35729710965e-10 7.37170989467)
(-0.0105434909815 -3.83605172162e-11 6.65102658807)
(-0.0261778653581 2.88149178142e-11 5.84017726198)
(-0.0336975459707 -8.20046200056e-11 4.96535677207)
(-0.0250362002593 -1.135724106e-11 4.07610088396)
(0.00789451911354 1.77948784415e-11 3.1991463697)
(0.0431945891597 2.76539893791e-11 2.58406256095)
(0.0437983149741 8.04742516197e-12 2.3255815474)
(0.0367402597088 -6.49576351601e-11 2.23511446388)
(0.0293844606503 -1.03907078955e-11 2.19970417924)
(0.0226499067276 6.57759159875e-12 2.17933823467)
(0.0157591981041 1.66407612712e-11 2.16161443751)
(0.0098218840048 -3.64378940515e-11 2.13967483767)
(0.00360217653923 2.94777271381e-12 2.08894385335)
(0.000871049686803 8.77090511168e-12 1.91972363238)
(0.00815916712635 -1.49363357221e-10 9.32666542115)
(0.01049465387 -4.08970617292e-11 9.12742442011)
(0.011385701312 8.99971881705e-13 8.83871122913)
(0.0101242699123 5.65271945528e-11 8.45425402256)
(0.0060124667622 -5.27781833798e-11 7.97070087104)
(-0.00148951593151 -1.00292386757e-10 7.38645952423)
(-0.0127209850468 1.61626618469e-11 6.70337609704)
(-0.0279520777361 2.17456786144e-12 5.92816322499)
(-0.0367568204395 -4.18780037272e-11 5.08530666452)
(-0.029914037608 -8.90031223661e-12 4.22037647732)
(-0.00334104501571 2.02349922751e-11 3.36536378432)
(0.0351303225997 6.77387125375e-11 2.67934410456)
(0.0411105026552 3.87408443584e-11 2.36363646845)
(0.0346557924668 -5.56454433352e-11 2.25276448831)
(0.0277487313567 -1.45855790306e-11 2.21188065021)
(0.0213293567497 5.28519288227e-12 2.19003556979)
(0.014767796019 1.48403111816e-11 2.17184756097)
(0.00907337512767 -3.31209000438e-11 2.14930477055)
(0.00317914874406 2.19703178771e-12 2.09627494257)
(0.000781079672086 8.57833356489e-12 1.92101058302)
(0.00610786613458 -3.08330321207e-10 9.2080658301)
(0.00773640211393 -1.07579723611e-10 9.02509558437)
(0.00811839092749 -4.81548282335e-13 8.75851692664)
(0.00663499994253 6.91529767361e-11 8.40120732973)
(0.00265511390916 -7.11259614035e-12 7.94839798316)
(-0.00440568878498 -5.9661009964e-11 7.39702060119)
(-0.0149363775803 -5.80501116706e-11 6.74814755485)
(-0.0297690204577 -1.20684817896e-10 6.00622039924)
(-0.0395984032412 -5.48566359135e-11 5.19418866963)
(-0.0342709968404 -1.09523495935e-11 4.35438241458)
(-0.0130456349973 2.14955563411e-11 3.52620593603)
(0.0255545166703 6.08236499638e-11 2.78932770281)
(0.0382544215915 5.43491326629e-11 2.40922420954)
(0.0325826115515 -4.78317274756e-11 2.27235743598)
(0.0261499298067 -1.53446760023e-11 2.22451844879)
(0.0200110820573 1.59968284379e-11 2.20087037894)
(0.0137773317073 1.28641710302e-11 2.18212916562)
(0.0083209310035 -9.97520727996e-12 2.15891593282)
(0.00275668029701 2.50546339782e-12 2.1033488334)
(0.00069491448781 2.11469526684e-11 1.9220015808)
(0.00433368785322 -2.18137412536e-11 9.10066065754)
(0.00534045425836 -4.47831505696e-12 8.93186104778)
(0.00525723876057 2.97747333469e-11 8.68464494311)
(0.00353989115677 -3.65796342395e-11 8.35122880683)
(-0.000397866589699 -4.22630609014e-11 7.92566738021)
(-0.00716096340514 -5.4033579576e-11 7.40438996353)
(-0.0171691516999 -6.48237684363e-11 6.78661519966)
(-0.0316388145026 -8.37065747647e-11 6.07581839555)
(-0.0422553623068 -4.8485954299e-11 5.29351861741)
(-0.038480307199 -1.09923513513e-11 4.47896593277)
(-0.0214055245281 2.20181536338e-11 3.67365104582)
(0.0151392534597 5.75397045379e-11 2.91429002056)
(0.035134135748 5.73411708405e-11 2.46475951881)
(0.0306153373055 -5.11025936816e-11 2.29476002322)
(0.024625873925 -1.62262109598e-11 2.23782342697)
(0.0187262680775 1.17534633837e-11 2.21190875215)
(0.0128084582976 1.16850391738e-11 2.19248000111)
(0.00757678198384 -1.00564417549e-11 2.1685017744)
(0.00234309610572 2.83616931284e-12 2.11013094368)
(0.000613899922247 2.01237995391e-11 1.9226863929)
(0.00283589629849 1.60371713355e-11 9.00303805369)
(0.00331405223312 -1.58380228809e-11 8.84658848624)
(0.00282758255198 -4.74893392522e-11 8.6163431756)
(0.000893781250881 -1.32939205681e-10 8.30402960924)
(-0.00305014244892 -7.83204270551e-11 7.9029940939)
(-0.00959715847074 -6.46747004274e-11 7.40899938511)
(-0.0191708442743 -6.30698783675e-11 6.81972700146)
(-0.0332789320031 -6.19775696743e-11 6.1381435196)
(-0.0444706506571 -4.02745283303e-11 5.38442178477)
(-0.0423103336547 -1.14666013493e-11 4.5943782237)
(-0.0280997537043 1.31407577565e-11 3.80709951955)
(0.00487883368812 8.47133169498e-12 3.05073644875)
(0.0309863765982 5.62960847845e-11 2.53228441956)
(0.0286272684583 -4.60497401651e-11 2.32104674536)
(0.0230256414854 -1.67186789232e-11 2.25201526383)
(0.0174045254954 9.49824659357e-12 2.22320539089)
(0.0118147440879 1.08193517767e-11 2.20291174856)
(0.00681617684703 -8.90293336539e-12 2.17805012987)
(0.00192775829902 3.1656018266e-12 2.11658205605)
(0.000534518341427 2.05036506957e-11 1.92305563216)
(0.00160671154514 3.74111722447e-12 8.91343802206)
(0.00165209765932 4.94675993975e-11 8.76775806348)
(0.00083625080419 -1.3641667844e-10 8.55241576891)
(-0.0012810934295 -1.08110950527e-10 8.25881743922)
(-0.00523447720787 -8.34778208247e-11 7.88003703734)
(-0.0115944002632 -6.85508632717e-11 7.41075470551)
(-0.0207801583289 -6.00135061763e-11 6.84771832212)
(-0.0345170603414 -5.12688722335e-11 6.19365774181)
(-0.046135607309 -3.40044922873e-11 5.46748617767)
(-0.0456141394199 -1.15301493226e-11 4.7014501709)
(-0.033395509091 8.58082500389e-12 3.93157607479)
(-0.0045850226898 1.49382729494e-11 3.1906651359)
(0.0252910945121 4.93389573508e-11 2.61226886439)
(0.0265515557221 -3.93246127021e-11 2.35228648899)
(0.0212496650055 -4.33864554075e-11 2.26721974424)
(0.0160113984983 5.8279645549e-12 2.23471793827)
(0.0107592885943 9.85042216438e-12 2.21337112702)
(0.00602021705678 -7.29483500171e-12 2.18750764377)
(0.00149774235193 3.52927889603e-12 2.12263708569)
(0.000445554680615 2.0101832849e-11 1.92308607917)
(0.000546278130458 -3.32240133299e-11 8.83008485221)
(0.000214784834047 -5.45643559848e-11 8.69378748403)
(-0.000898996427096 -1.1087399528e-10 8.4915633997)
(-0.00320061383599 -1.61930084539e-10 8.21480973138)
(-0.0071910035343 -1.06271096623e-10 7.85605914379)
(-0.0134186686045 -7.91937988447e-11 7.4092667757)
(-0.02229676993 -6.16959940003e-11 6.87051634449)
(-0.035693559521 -4.74415571249e-11 6.24254766221)
(-0.0476533146041 -3.1340390922e-11 5.5431484235)
(-0.0487191040068 -1.40334943708e-11 4.80112946749)
(-0.0381575861707 -2.11412102545e-12 4.04997874782)
(-0.0137577662095 -1.93577910784e-11 3.32773791177)
(0.0180781029014 3.76869813411e-11 2.70366983455)
(0.0246995346371 -3.36293036403e-11 2.389952746)
(0.0194975609753 -4.23674736701e-11 2.28379015982)
(0.0146845185132 3.03036061113e-12 2.24646886413)
(0.00971200546511 8.80237223959e-12 2.22383038457)
(0.00523386333834 -5.24890916938e-12 2.19682763914)
(0.00107702265951 1.99323852075e-11 2.12823139085)
(0.000361551859451 1.90995375105e-11 1.92275642461)
(-0.000356142067259 1.91018605953e-10 8.75259714667)
(-0.00102087499724 4.83694386938e-11 8.62454872095)
(-0.00240798069195 -1.75821185865e-11 8.4340326594)
(-0.00488936440921 -4.10896482835e-11 8.17236919428)
(-0.00893658182618 -1.05052931217e-10 7.83173228875)
(-0.0150848267269 -1.82849192007e-10 7.40553519331)
(-0.0237492060521 -9.67636889081e-11 6.88938780777)
(-0.0368737747507 -5.72002094864e-11 6.28603555819)
(-0.049148152869 -3.02000511974e-11 5.61253077558)
(-0.05170744882 -5.16970291485e-12 4.89442565187)
(-0.0427821253087 3.59518205748e-11 4.16256334511)
(-0.0224576198237 4.63910719077e-12 3.45405314543)
(0.00973769988901 4.6852640951e-11 2.80869325143)
(0.0228535604172 -2.74646779804e-11 2.43604516225)
(0.0177939823335 -6.27182383803e-11 2.30248196808)
(0.0134157618675 -7.30102944041e-13 2.25864336713)
(0.00867011770012 8.32012054067e-12 2.23435446343)
(0.00445971714447 1.23071873755e-11 2.20601469774)
(0.000662691103779 1.78714028849e-11 2.13333244547)
(0.000273299941752 1.81000160577e-11 1.92207029299)
(-0.000938987733854 3.07991381859e-11 8.67888872855)
(-0.00181254578751 3.62495553051e-12 8.55810638393)
(-0.00337405380658 -2.84237727934e-11 8.37793596155)
(-0.00599305926661 -5.56819419969e-11 8.12966071367)
(-0.0101704770834 -8.95712272936e-11 7.80518064114)
(-0.0166303776908 -1.08130533113e-10 7.39749268267)
(-0.0269264844236 -8.52780822771e-11 6.9019544252)
(-0.0410104134312 -5.58834866976e-11 6.32196018874)
(-0.0528513498376 -2.85155904389e-11 5.67388632939)
(-0.0559605700672 -3.88018254815e-12 4.98005283682)
(-0.0481246423844 1.7632107063e-11 4.26826934758)
(-0.0303822455968 1.48041409849e-11 3.57169757009)
(0.000764072254549 4.14319110086e-11 2.92370592599)
(0.0198350580702 -2.20060649051e-11 2.49135741638)
(0.0159117821042 -5.78548256494e-11 2.32388120018)
(0.0119472429297 -3.4759992818e-12 2.27127352767)
(0.00750171405512 7.67829848249e-12 2.24490988059)
(0.00361286754896 1.00153135235e-11 2.21501079764)
(0.000211931480763 1.70142201562e-11 2.13787234404)
(0.000165671976596 1.72043626299e-11 1.92100919026)
(-0.00136685122779 -6.65966999708e-12 8.60401567995)
(-0.00241100251399 -1.92295121243e-11 8.48952196317)
(-0.00414696818681 -3.68050580144e-11 8.31829360285)
(-0.00697279627776 -5.54492988907e-11 8.08160199881)
(-0.011459895105 -7.16442023329e-11 7.7711848275)
(-0.0185388558528 -7.79450138912e-11 7.37990678509)
(-0.0310739877204 -6.81694716207e-11 6.90371510684)
(-0.0465647642206 -4.87601654044e-11 6.34716432361)
(-0.057798126577 -2.56565225123e-11 5.72474120613)
(-0.0609404912337 -3.67976602767e-12 5.05607757073)
(-0.053898602146 1.36039430513e-11 4.3658932454)
(-0.0376546913841 1.99152372089e-11 3.68335935909)
(-0.0089328111115 3.66158957636e-11 3.04335442777)
(0.0151180307141 2.04434966921e-11 2.55553972343)
(0.0142122072649 -4.87997742361e-11 2.34850445705)
(0.0103485580153 -5.40430372209e-12 2.28430689323)
(0.00630761391406 6.96731687111e-12 2.25537904608)
(0.00273018280979 9.75513992288e-12 2.2236923647)
(-0.000246642100446 9.22223084362e-12 2.14172241602)
(4.96049302105e-05 1.60438042745e-11 1.91953565354)
(-0.00188502096417 -2.73830475279e-11 8.5266918346)
(-0.00317131661806 -4.664503057e-11 8.41767105453)
(-0.00518548131823 -7.56275784784e-11 8.25421628246)
(-0.00835807234472 -1.20344631245e-10 8.02765858618)
(-0.0133462953994 -4.83932687126e-11 7.72977340475)
(-0.0213229193585 2.48960449491e-11 7.35365655792)
(-0.0347631690385 -4.73489535189e-11 6.89627249323)
(-0.0504129211679 -1.05184837136e-10 6.36304979909)
(-0.0614915033572 -4.10268418839e-11 5.76631493338)
(-0.0649917870474 -8.65658838593e-12 5.1233501632)
(-0.0590375893444 1.06655434644e-11 4.45604427727)
(-0.0440757028718 2.10575534315e-11 3.79026118004)
(-0.0187709710533 3.16466797085e-11 3.16017748374)
(0.00881274423875 2.12307318556e-11 2.63144939974)
(0.0129207921369 -4.18802432449e-11 2.37749444663)
(0.00875994535059 -6.77884907754e-12 2.29800962765)
(0.00523940390591 6.26705637685e-12 2.26580260265)
(0.00188635538378 9.6361768747e-12 2.23203170092)
(-0.000656146096671 5.41649482847e-12 2.14481165488)
(-4.96862568693e-05 1.5062935475e-11 1.91767541635)
(-0.00245427975465 -2.25772851833e-11 8.44538409902)
(-0.0040296420294 -3.31209825082e-11 8.34124579076)
(-0.00642153469507 -4.31398829288e-11 8.18467208145)
(-0.0101217580904 -4.65298525126e-11 7.967113067)
(-0.0159850689388 -2.6581957376e-11 7.68055042842)
(-0.0260364909236 -2.69948479385e-12 7.31863426467)
(-0.0406611344144 5.44056601515e-12 6.87977965175)
(-0.0555656432993 4.07925698586e-11 6.36958314446)
(-0.0659915469442 2.65034010913e-12 5.79851605154)
(-0.0694027445204 2.35368012794e-12 5.18170130637)
(-0.0641901498474 1.19389650076e-11 4.53844986675)
(-0.0502448104795 2.07204069192e-11 3.8917011782)
(-0.0279611003071 2.67941661466e-11 3.27140462511)
(0.00122252014466 1.56857215284e-11 2.72039514135)
(0.0113058792005 -3.63671367956e-11 2.4119668749)
(0.00708163826427 -7.68812264469e-12 2.31268569664)
(0.00419214850845 6.41512571634e-12 2.27621270903)
(0.00102737040208 2.55464887515e-11 2.24000796105)
(-0.00104145163077 6.06803984363e-12 2.14711925627)
(-0.000153144008479 1.4352134366e-11 1.91543371009)
(-0.00319394395354 4.49200000989e-11 8.35527282545)
(-0.00519492255146 7.57659227318e-11 8.25557840651)
(-0.00819812084016 2.21166447015e-11 8.10518366407)
(-0.0128751343214 -4.09757472502e-12 7.89571290261)
(-0.0206674015402 -1.61780977884e-11 7.61955790064)
(-0.0331503208496 -2.47340495842e-11 7.27163214325)
(-0.0483325052515 -4.83833929615e-11 6.85177400149)
(-0.0620003547237 5.47295806636e-11 6.36478203273)
(-0.0712781108802 2.21051855339e-11 5.81968851877)
(-0.07411930914 1.31280703619e-11 5.22968965816)
(-0.0692048662361 1.55844534707e-11 4.61177242323)
(-0.0561262910715 2.08977526125e-11 3.98619137063)
(-0.0359941283375 2.28762490965e-11 3.37797715722)
(-0.00754039844897 1.14201900591e-11 2.82040993993)
(0.00854792411934 -3.1752395589e-11 2.45281190052)
(0.00555592096641 -8.13955232163e-12 2.32855512497)
(0.00313437314743 7.73754049367e-12 2.28653844354)
(0.000193702255256 4.28319342799e-11 2.24748261245)
(-0.00139128841795 8.25304978032e-12 2.14863465222)
(-0.000265123948051 1.39160879686e-11 1.9127941921)
(-0.00473250553812 -4.34437602008e-11 8.25077293844)
(-0.00759702650991 -1.24663244777e-10 8.15521639602)
(-0.0118567356913 -1.15258478658e-10 8.01060071069)
(-0.0186415790076 -1.46930145525e-10 7.80887447802)
(-0.0291497712278 -7.87718487337e-11 7.54337407854)
(-0.0427922031414 -3.98303389417e-11 7.2104421882)
(-0.0569890296732 -1.66604291998e-11 6.81034111945)
(-0.069032680516 1.48603304196e-11 6.34707717342)
(-0.0768530849573 2.03672156172e-11 5.82846338485)
(-0.0788083439817 2.44607008734e-11 5.26601591586)
(-0.0738344044603 3.7860535454e-11 4.67466296153)
(-0.0614842671884 7.76199833751e-11 4.07221874911)
(-0.0427611250271 3.16852956789e-11 3.47958719869)
(-0.0167180727088 1.02437766924e-11 2.92444366086)
(0.00436274173418 -2.71656867701e-11 2.50465765832)
(0.0044442095907 -8.1901888924e-12 2.34620401868)
(0.00208582027334 8.92847916137e-12 2.29679618667)
(-0.000502634869539 4.07918196062e-11 2.25439996667)
(-0.00166561524342 2.3016555464e-11 2.14935420291)
(-0.000341695987884 1.41859277582e-11 1.90976315046)
(-0.00779950566191 3.64179654822e-11 8.13127673817)
(-0.0125005953945 -6.30481762598e-11 8.0396768668)
(-0.0190881445464 -5.97049261179e-11 7.90100446559)
(-0.0281789420266 -4.00206465372e-11 7.70784761681)
(-0.0396952709018 3.09761025173e-12 7.4545688629)
(-0.0523746302178 4.79008574956e-11 7.1381454957)
(-0.064468942674 5.50178601986e-11 6.75866984794)
(-0.0743020492007 8.51958815937e-11 6.31954548151)
(-0.0803315178547 4.75876068944e-11 5.82756264034)
(-0.0812555147 3.90753121969e-11 5.2928176982)
(-0.0761858105764 4.45265656911e-11 4.72848262337)
(-0.0647130400335 5.61635876842e-11 4.15028745105)
(-0.0473698632873 4.12574804519e-11 3.57614466178)
(-0.024418224144 4.77913863837e-11 3.0290207394)
(-0.000704747706055 -1.82552609967e-11 2.57066457967)
(0.00364479670862 -7.67013818558e-12 2.36673405516)
(0.00117731988369 9.96582145345e-12 2.3071447831)
(-0.000945917639963 3.91901269202e-11 2.26076679649)
(-0.00182364933059 2.20353843895e-11 2.14932803291)
(-0.000363716007225 1.37039085283e-11 1.90638747584)
(-0.0150390628507 6.56695292428e-11 7.96751924295)
(-0.0226328674204 6.92894182082e-11 7.88060255836)
(-0.0317403045596 -6.43963543523e-11 7.74981565594)
(-0.0421389819704 -4.38278537009e-11 7.56827440402)
(-0.0532432792963 -2.57315156773e-11 7.33072501079)
(-0.0642407434302 -3.04387266969e-11 7.03423597492)
(-0.0740497056114 4.12594893206e-11 6.67864622684)
(-0.0814753108286 9.37843991266e-11 6.2667842951)
(-0.0853429094015 6.27386229449e-11 5.80449595884)
(-0.0846403395748 4.94191619544e-11 5.30056122922)
(-0.0786809508271 4.36106374279e-11 4.76649283708)
(-0.0672167349078 3.52860068668e-11 4.21607379071)
(-0.0505446382432 4.16805193201e-12 3.66485868146)
(-0.029906819153 2.87487514873e-11 3.13154030843)
(-0.0060758859284 -1.09728262824e-11 2.65199712985)
(0.00298980630396 -6.77157938172e-12 2.39311604946)
(0.000696396882265 1.08228726518e-11 2.31815818225)
(-0.00103606605459 3.76118471844e-11 2.26678411744)
(-0.00181061288957 2.36645741859e-11 2.14885498584)
(-0.000319005745007 1.36005302221e-11 1.90299587813)
(-0.00988654754874 3.25670109293e-11 7.85842135663)
(-0.0146598429433 1.85146901238e-11 7.77741731057)
(-0.0199448353548 -1.02487783428e-12 7.65606048113)
(-0.0256337924063 -3.6822302909e-12 7.48757036992)
(-0.0314952526628 2.99487557091e-12 7.26654885434)
(-0.0371681589363 1.58466179061e-11 6.98966354565)
(-0.0421705640656 3.92117588521e-11 6.65612408446)
(-0.0459451066356 5.80331216031e-11 6.26791633609)
(-0.0479155320867 5.97937238172e-11 5.82985185641)
(-0.0475548664889 1.25867503109e-10 5.34951802582)
(-0.0444725613842 1.24902472999e-10 4.83714339382)
(-0.0385031170578 4.42624308902e-11 4.30526019845)
(-0.0296703304553 -2.19450553003e-11 3.76826310662)
(-0.0189749779132 1.9258103686e-11 3.24246668632)
(-0.0053933055027 2.72422323114e-11 2.74955397773)
(0.00159847120817 -3.18562629197e-12 2.43016051563)
(-0.000216104891192 1.16049664024e-11 2.33062609471)
(-0.000755967543048 3.59840392217e-11 2.27275675199)
(-0.00125653683579 2.47814889656e-11 2.14807955789)
(-0.000160195736639 1.36415790947e-11 1.89939788683)
(-0.0054477841419 -5.31869175346e-13 0.350284123781)
(-0.216788763201 -8.72618418755e-13 -0.328695292465)
(0.154866302132 -3.71119528012e-13 0.647831200879)
(0.0178841941695 -1.02287578539e-12 -0.291394493794)
(0.212566762775 -4.35309270429e-13 0.792145150647)
(0.115012549892 -1.49628706058e-12 -0.10764587067)
(0.206690504223 -4.52681259946e-12 0.899008869125)
(0.113932561046 -1.03351646861e-11 0.12583367509)
(0.169178338474 -3.47475027129e-12 0.997241578707)
(0.0796503089397 -7.30448564709e-12 0.308982709447)
(0.130816193013 -2.82115708041e-12 1.08814558167)
(0.056757836931 -5.34285951367e-12 0.486498862918)
(0.0977776612628 -2.47059533634e-12 1.16061073423)
(0.0409014719406 -4.3395429556e-12 0.622414910204)
(0.0711863190015 -2.69345614509e-12 1.21636298864)
(0.0296945949233 -3.80343033939e-12 0.725588377172)
(0.0507882553362 -2.83655062138e-12 1.25880366773)
(0.0218602998523 -3.46388486364e-12 0.804292464953)
(0.0355554803063 -2.9296886811e-12 1.29045737064)
(0.0163618965058 -3.21440555061e-12 0.863770505131)
(0.0243362287854 -2.97573344304e-12 1.3135557502)
(0.0124306400905 -3.01392829965e-12 0.908307162783)
(0.0161391364227 -2.98592484732e-12 1.33000418789)
(0.0095503653582 -2.84772649007e-12 0.9413355294)
(0.010179262046 -2.97546619726e-12 1.34131358679)
(0.00738463476651 -2.70954844776e-12 0.965461473548)
(0.00586326100576 -2.956057065e-12 1.34866065475)
(0.00571702739337 -2.59491001837e-12 0.982656433942)
(0.00275798864347 -2.9364952786e-12 1.35296432395)
(0.00440877398834 -2.49978084208e-12 0.994427326568)
(0.000555354949546 -2.91951366442e-12 1.35495513181)
(0.00336886575848 -2.42035987847e-12 1.0019435854)
(-0.000959315988573 -2.90540715158e-12 1.35523166158)
(0.00252688676131 -2.35336018604e-12 1.00612879463)
(-0.00191004410526 -2.8919040527e-12 1.35437962319)
(0.00184294618547 -2.29508667946e-12 1.00767487293)
(-0.002426217026 -2.79479808362e-12 1.35300746944)
(0.00130975993382 -2.1602605792e-12 1.00739096874)
(-0.00268613902036 3.9753758208e-12 1.35113339523)
(0.000900644163267 5.68855544793e-12 1.0058042011)
(-0.002790713734 3.58856332933e-12 1.34894718276)
(0.000580502736795 4.48657182284e-12 1.00327837815)
(-0.00278663363936 3.15909814582e-12 1.34657127508)
(0.00033458701394 3.72121414951e-12 1.00008622435)
(-0.00270406622279 2.7098678591e-12 1.34409597915)
(0.00015132467568 3.14594051577e-12 0.996442234811)
(-0.00256399926516 2.27310437651e-12 1.3415978189)
(2.02778964576e-05 2.67286953107e-12 0.992530918277)
(-0.00238172216445 1.87738104303e-12 1.33914323381)
(-6.79320570734e-05 2.28808038549e-12 0.988511308198)
(-0.00216900017818 1.53971781059e-12 1.33679088254)
(-0.00012165996496 1.97832487159e-12 0.984520096168)
(-0.00193512801221 1.25624399231e-12 1.33459382595)
(-0.0001481716623 1.72181530891e-12 0.980674893694)
(-0.00168783574579 1.01466925224e-12 1.33260066193)
(-0.000153739840186 1.49750438461e-12 0.977076461141)
(-0.00143401088255 8.04454357787e-13 1.33085506795)
(-0.000143818580063 1.2920095077e-12 0.97380939262)
(-0.00117966585428 1.0243522832e-12 1.32939461264)
(-0.000123018263564 1.16122769722e-12 0.970941904569)
(-0.000929260849937 1.16761625853e-12 1.32825114409)
(-9.49296123121e-05 9.90667694667e-13 0.968527191421)
(-0.000683611774782 -7.65310074389e-12 1.32745380134)
(-6.15642564963e-05 -9.92222208951e-12 0.966606286283)
(-0.00044109699067 -5.55664753823e-12 1.32704712976)
(-2.39081753748e-05 -1.08208185247e-11 0.965229443023)
(-0.000173348770952 -4.87164076406e-12 1.32706151746)
(1.32486505795e-05 -8.40768774658e-12 0.964416275097)
(0.000126689265999 -4.23692497195e-12 1.32796712619)
(5.85207783535e-05 -6.91396046155e-12 0.964314729816)
(0.000412759255403 -3.63326419169e-12 1.3295977582)
(0.000113443978364 -5.83214644198e-12 0.965094799224)
(0.000655346941464 -2.91798067023e-12 1.33190069109)
(0.000164595623908 -4.85029904762e-12 0.966738450847)
(0.000846507238059 -2.10469698743e-12 1.33478538068)
(0.000208205355128 -3.88399292224e-12 0.969171991733)
(0.000985254634042 -1.27025380987e-12 1.33814032385)
(0.000242360446453 -2.95184866099e-12 0.972279778159)
(0.00107551560059 -4.69337050235e-13 1.34185189068)
(0.000266638540754 -2.08440654894e-12 0.975929797849)
(0.00112398733119 3.98532437318e-13 1.34581331663)
(0.000281624715464 -1.16818426446e-12 0.979988414131)
(0.00113909204713 2.04608244864e-11 1.34992925356)
(0.000288765280867 2.173043551e-11 0.984330480608)
(0.00113031300875 2.1767551824e-11 1.35412389999)
(0.000290477713928 2.22875499678e-11 0.988852717122)
(0.00110591682554 2.01114290169e-11 1.35834311671)
(0.00028867329669 2.00156419235e-11 0.99347977667)
(0.00107103316423 -2.38473809909e-12 1.36254478615)
(0.000285169365278 -4.56435667747e-12 0.998159238339)
(0.00103148244251 1.81328620692e-11 1.366701429)
(0.000280793271361 1.71973309409e-11 1.00285570813)
(0.000988975655686 1.93520477236e-11 1.3707975087)
(0.000277318293908 1.73071996364e-11 1.00755901781)
(0.000941699274734 1.85151117082e-11 1.37481353357)
(0.000272022906077 1.55098652582e-11 1.01225369166)
(0.000885376549984 1.74297339695e-11 1.37869412603)
(0.000265268443699 1.40324966874e-11 1.01689686536)
(0.000825592503851 -4.93991551952e-13 1.38240104905)
(0.000256138480624 -1.01016121861e-11 1.0214415668)
(0.000757939645043 -1.66529521952e-12 1.3858966873)
(0.000245917018124 -5.83871311315e-12 1.02586260469)
(0.000675150649757 1.86033215202e-12 1.3890986628)
(0.000228555460051 -2.44416774913e-12 1.03007363023)
(0.000580604921989 4.29426071588e-12 1.39187317156)
(0.000206939204035 4.9191031199e-13 1.03393287129)
(0.000487805492721 5.83271027241e-12 1.39419158854)
(0.000185289113766 2.41942040486e-12 1.03739164685)
(0.000394239393386 6.83210194969e-12 1.39602147631)
(0.000161140737977 3.68356929562e-12 1.04041303633)
(0.000303892986332 7.55583288702e-12 1.39731231581)
(0.000138665211458 4.5867406671e-12 1.04294191858)
(0.000234970241344 8.19029801332e-12 1.39811420243)
(0.000118707115917 5.27961463728e-12 1.04500166939)
(0.000191862983459 -9.24485887847e-12 1.39851323927)
(0.000109739188946 -7.42357159707e-12 1.04668929218)
(0.00016173003523 -3.92779404067e-12 1.39889775481)
(0.000100014756161 -7.35149197212e-12 1.04839610451)
(3.93761960822e-05 -5.52815676387e-13 1.39861905445)
(3.10841705951e-05 -4.08372885382e-12 1.04943681899)
)
;

boundaryField
{
    inletfuel
    {
        type            fixedValue;
        value           uniform (0 0 60);
    }
    inletair
    {
        type            fixedValue;
        value           uniform (0 0 2);
    }
    outlet
    {
        type            zeroGradient;
    }
    axis
    {
        type            empty;
    }
    leftside
    {
        type            fixedValue;
        value           uniform (0 0 0);
    }
    burnerwall
    {
        type            fixedValue;
        value           uniform (0 0 0);
    }
    front
    {
        type            wedge;
    }
    back
    {
        type            wedge;
    }
}


// ************************************************************************* //
